7 147 0
4 107 0
175 31 1
40 11 0
25 8 0
139 3 0
172 49 1
85 8 1
175 38 0
85 3 1
166 23 1
13 7 1
136 2 1
166 62 0
8 356 5
8 356 2
8 355 5
8 355 2
5 504 5
5 504 2
65 6 4
65 6 3
176 32 5
176 32 2
176 137 4
176 137 3
95 363 5
95 363 2
173 104 5
173 104 2
86 8 4
86 8 3
176 178 5
176 178 2
65 6 1
189 395 5
189 395 2
45 323 5
45 323 0
174 2109 5
174 2109 0
174 2105 5
174 2105 0
174 2104 5
174 2104 0
174 2101 5
174 2101 0
174 2100 5
174 2100 0
174 2099 5
174 2099 0
99 275 4
165 1598 1
165 1597 4
138 388 1
171 1297 5
171 1297 2
6 1251 5
6 1251 0
99 275 1
99 271 4
93 89 4
93 89 1
93 369 4
93 369 3
93 299 4
93 299 1
93 229 4
93 229 1
93 159 4
93 159 1
6 280 4
6 280 1
6 279 4
6 279 1
6 167 4
6 167 1
6 166 4
6 166 1
6 118 4
6 118 1
3 2974 4
3 2974 1
3 2847 4
3 2847 1
3 2720 2
3 2720 1
195 47 4
195 47 1
195 44 4
195 44 1
165 674 4
165 674 1
165 607 4
165 607 3
165 591 4
165 591 1
165 524 4
165 524 1
165 508 4
165 508 1
165 441 4
165 441 1
165 425 4
165 425 1
165 358 4
165 358 1
165 342 4
165 342 1
165 275 4
165 275 1
165 259 4
165 259 1
165 192 4
165 192 1
165 176 1
165 1597 1
165 1595 4
165 1595 1
165 1593 4
165 1593 1
165 1592 4
165 1592 1
165 1591 4
165 109 4
165 109 1
144 2850 4
144 2850 1
144 2849 4
144 2849 1
144 2848 4
144 2848 1
144 2846 4
144 2846 1
144 2828 4
144 2828 1
144 2826 4
144 2826 3
144 2811 4
144 2811 1
144 2810 4
144 2810 1
144 2809 4
144 2809 1
144 2807 4
144 2807 1
144 2789 4
144 2789 1
144 2787 4
144 2787 1
144 2783 4
144 2783 3
144 2772 4
144 2772 1
144 2771 4
144 2771 1
144 2770 4
144 2770 1
144 2768 4
144 2768 1
144 2750 4
144 2750 1
144 2748 4
144 2748 1
144 2744 4
144 2744 1
138 383 4
138 383 1
138 292 4
138 292 1
138 249 4
138 249 1
138 206 1
12 293 4
12 293 1
93 7730 4
207 81 4
207 81 1
21 93 4
21 93 3
21 62 4
21 62 1
6 2656 5
6 2656 0
93 7730 1
93 7727 4
138 1388 4
174 63 4
174 63 1
93 10322 5
93 10322 0
165 788 5
165 788 0
6 1107 5
6 1107 0
165 1591 1
165 1589 4
54 0 5
54 0 0
6 355 5
6 355 0
99 271 1
45 32 5
45 32 0
9 329 5
9 329 0
165 1813 2
165 10579 2
3 783 4
3 783 1
3 3487 5
3 3487 0
3 3485 5
3 3485 0
120 76 1
120 43 1
120 314 1
120 243 1
120 208 1
120 175 1
120 1713 4
120 1713 1
120 142 1
120 109 1
120 1084 1
120 1048 1
0 1648 5
0 1648 0
3 146 5
3 146 0
12 288 2
6 10582 5
6 10582 0
93 7723 2
174 1626 4
93 7726 2
3 3490 5
3 3490 0
3 3625 5
3 3625 0
165 10581 2
12 288 1
3 3623 5
3 3623 0
174 1627 0
174 1622 0
174 1615 0
174 1610 0
174 1625 0
174 1620 0
21 960 5
21 960 0
174 1693 5
174 1693 0
60 56 5
60 56 0
174 1621 4
93 7726 1
165 10572 2
165 1589 1
165 1588 4
3 3628 5
3 3628 0
174 1628 4
174 1616 4
63 1101 4
63 1101 3
12 288 4
3 3481 5
3 3481 0
177 0 4
177 0 1
171 968 2
165 4526 5
165 4526 0
138 2151 0
138 2149 5
138 2149 2
93 7727 1
93 7726 4
21 968 5
21 968 0
21 966 5
21 966 0
207 981 5
207 981 0
165 1588 1
165 1586 4
165 1586 3
138 377 4
138 377 3
144 656 5
144 656 0
207 921 2
165 1588 2
165 9532 2
165 10567 2
165 10641 2
21 963 4
21 963 1
171 616 5
171 616 0
39 39 5
39 39 0
165 9567 2
171 917 2
126 135 5
126 135 0
174 1627 5
174 1622 5
174 1615 5
174 1610 5
174 1625 5
174 1620 5
66 24 1
66 24 4
165 4434 4
165 4434 1
138 2156 0
138 2151 5
156 1426 4
156 1426 1
21 947 5
21 947 0
21 950 5
21 950 0
207 641 1
207 645 1
165 10569 1
165 9526 2
171 892 0
171 890 5
171 890 2
165 10569 4
207 641 2
207 641 4
207 645 2
207 645 4
93 10476 5
93 10476 0
165 9540 2
207 918 2
207 921 1
141 402 5
141 402 0
165 10567 1
165 10567 4
120 1068 4
120 1068 1
6 1122 4
6 1122 1
174 1409 5
174 1409 0
165 5316 2
165 5316 1
165 5226 4
165 5226 1
3 401 5
3 401 0
198 189 4
198 189 1
165 9535 2
192 150 4
192 150 1
165 10572 1
126 30 4
126 30 1
93 7506 5
93 7506 0
198 994 4
198 994 1
39 46 5
39 46 0
165 9540 1
165 9532 1
165 9532 5
165 9567 1
171 917 5
171 917 1
171 902 5
171 904 5
171 904 0
165 4 5
165 4 0
174 1351 5
174 1351 0
207 617 5
207 617 0
174 1996 5
174 1996 0
171 902 0
174 1350 5
174 1350 0
120 699 5
120 699 0
171 1796 5
171 1796 0
171 928 4
171 928 1
165 9555 2
99 228 5
99 228 0
99 153 5
99 153 0
165 9545 2
171 902 2
165 10562 1
165 10562 4
183 1094 0
183 876 1
183 646 1
183 595 1
183 863 1
183 876 2
183 170 1
183 876 4
183 170 4
183 646 2
183 595 2
183 646 4
183 595 4
183 863 2
183 157 1
183 863 4
183 157 4
171 1249 4
207 921 5
120 2012 5
120 2012 0
177 22 5
177 22 0
6 10585 5
6 10585 0
138 2159 0
138 2156 5
138 2160 0
138 2159 5
6 10965 3
6 10965 0
6 9994 4
6 9994 1
