0
1
4
6
7
11
28
31
60
61
62
70
85
86
87
90
100
118
124
125
127
133
149
153
156
174
179
181
182
186
201
208
216
230
234
243
245
247
250
254
255
258
261
263
265
267
269
272
283
284
285
291
293
297
307
310
311
313
320
330
332
333
336
339
340
345
347
350
358
360
365
370
371
386
387
390
391
403
404
405
409
411
414
415
429
437
446
449
457
459
461
468
469
470
473
475
476
497
499
507
512
516
520
521
528
530
532
541
544
550
554
556
560
563
573
583
590
592
609
631
633
640
643
644
649
655
657
663
666
672
677
682
684
686
687
692
710
712
721
723
729
732
733
735
750
753
763
776
784
788
790
797
800
803
804
806
809
812
818
820
830
835
846
855
860
863
867
880
881
893
896
900
912
917
926
933
937
944
945
951
967
970
995
1005
1020
1021
1022
1027
1034
1040
1047
1052
1057
1059
1063
1064
1066
1069
1070
1072
1073
1075
1089
1106
1117
1118
1125
1143
1145
1149
1153
1158
1159
1174
1175
1181
1183
1189
1194
1195
1201
1210
1212
1224
1225
1230
1237
1244
1258
1260
1264
1269
1270
1274
1287
1293
1297
1298
1304
1317
1319
1320
1331
1335
1341
1353
1368
1377
1388
1389
1390
1391
1401
1403
1405
1407
1416
1421
1426
1429
1434
1440
1443
1449
1452
1459
1484
1486
1488
1489
1497
1507
1510
1514
1516
1517
1518
1522
1525
1529
1530
1536
1537
1539
1543
1546
1555
1558
1566
1572
1573
1584
1591
1603
1607
1615
1620
1623
1639
1644
1645
1656
1662
1686
1687
1693
1703
1705
1707
1710
1719
1723
1732
1736
1747
1748
1759
1760
1778
1780
1784
1786
1789
1791
1793
1798
1807
1811
1820
1822
1824
1831
1844
1846
1850
1851
1859
1862
1864
1869
1872
1879
1886
1888
1913
1914
1925
1927
1932
1934
1938
1949
1951
1964
1965
1990
1991
1993
1995
1999
2011
2012
2020
2024
2026
2028
2030
2033
2037
2039
2042
2050
2056
2062
2064
2065
2067
2075
2083
2086
2087
2091
2097
2108
2118
2122
2123
2124
2128
2141
2146
2182
2193
2204
2209
2214
2224
2229
2243
2245
2252
2254
2271
2273
2274
2275
2276
2278
2280
2282
2284
2286
2287
2294
2295
2308
2311
2320
2321
2322
2334
2337
2339
2341
2343
2352
2354
2358
2361
2363
2375
2376
2378
2394
2403
2411
2414
2420
2421
2426
2429
2433
2438
2439
2441
2447
2450
2454
2458
2460
2469
2470
2478
2480
2482
2485
2488
2489
2490
2500
2502
2504
2507
2510
2525
2526
2527
2532
2544
2552
2565
2568
2569
2578
2579
2592
2601
2607
2617
2630
2632
2634
2637
2640
2643
2665
2676
2678
2685
2695
2696
2708
2717
2728
2729
2736
2737
2753
2761
2763
2767
2770
2776
2779
2787
2791
2795
2796
2805
2812
2820
2830
2845
2854
2857
2858
2860
2862
2867
2874
2875
2876
2886
2889
2893
2898
2904
2909
2911
2917
2918
2923
2929
2932
2945
2950
2963
2975
2982
2983
2989
2993
3002
3006
3011
3013
3029
3032
3040
3048
3051
3059
3063
3069
3073
3082
3083
3085
3089
3092
3100
3103
3104
3107
3109
3126
3128
3129
3130
3132
3145
3146
3147
3148
3153
3157
3170
3177
3178
3181
3184
3197
3202
3212
3219
3224
3225
3229
3230
3241
3248
3249
3269
3273
3276
3280
3284
3286
3287
3290
3294
3295
3300
3302
3304
3306
3307
3326
3327
3328
3329
3346
3349
3355
3361
3362
3363
3364
3367
3378
3382
3386
3394
3399
3407
3408
3409
3411
3426
3434
3450
3458
3460
3468
3486
3490
3493
3504
3510
3516
3521
3522
3526
3527
3546
3553
3554
3558
3559
3563
3586
3594
3600
3604
3607
3610
3618
3619
3620
3624
3628
3642
3645
3646
3660
3666
3669
3673
3675
3696
3697
3700
3712
3713
3715
3716
3720
3729
3736
3749
3753
3762
3768
3770
3778
3779
3783
3786
3794
3795
3801
3802
3814
3828
3833
3834
3837
3850
3855
3857
3858
3862
3865
3868
3874
3875
3878
3883
3885
3888
3894
3895
3903
3906
3914
3918
3919
3925
3934
3935
3943
3948
3952
3959
3969
3973
3976
3981
3994
3998
3999
4004
4005
4012
4014
4024
4035
4041
4046
4048
4055
4063
4072
4085
4087
4090
4096
4098
4099
4104
4114
4117
4130
4135
4140
4148
4149
4153
4156
4172
4174
4175
4178
4184
4191
4194
4210
4215
4218
4227
4236
4241
4251
4258
4259
4261
4262
4269
4276
4284
4287
4291
4304
4307
4308
4310
4315
4330
4334
4338
4339
4351
4370
4379
4383
4391
4392
4394
4395
4403
4414
4416
4417
4419
4430
4432
4434
4438
4439
4445
4451
4452
4453
4457
4459
4462
4463
4472
4476
4480
4486
4487
4492
4495
4503
4507
4508
4511
4513
4528
4529
4532
4535
4536
4542
4553
4554
4568
4569
4582
4585
4589
4596
4608
4610
4612
4622
4628
4630
4639
4640
4653
4659
4663
4676
4681
4685
4687
4688
4693
4694
4704
4706
4709
4711
4719
4740
4750
4756
4765
4770
4778
4791
4794
4795
4797
4798
4805
4812
4815
4819
4826
4828
4834
4850
4859
4861
4863
4871
4872
4875
4876
4877
4882
4884
4886
4887
4890
4896
4901
4907
4920
4922
4927
4938
4944
4947
4949
4953
4954
4975
4985
4996
5000
5009
5010
5015
5023
5024
5039
5041
5047
5053
5071
5073
5080
5083
5086
5089
5091
5096
5098
5100
5101
5114
5119
5120
5127
5144
5152
5157
5160
5163
5167
5168
5171
5172
5185
5186
5202
5204
5208
5209
5212
5215
5217
5218
5225
5227
5230
5232
5235
5244
5262
5264
5271
5275
5278
5280
5290
5292
5294
5302
5304
5311
5322
5324
5325
5329
5330
5339
5344
5358
5361
5362
5372
5373
5376
5388
5403
5412
5420
5424
5425
5431
5434
5435
5436
5442
5446
5448
5457
5458
5461
5463
5468
5472
5473
5475
5476
5479
5484
5490
5496
5506
5511
5514
5519
5521
5531
5532
5533
5544
5548
5556
5557
5561
5572
5573
5574
5577
5579
5582
5587
5600
5605
5609
5610
5621
5622
5630
5632
5635
5636
5648
5650
5652
5654
5658
5660
5664
5670
5675
5682
5689
5691
5695
5702
5703
5708
5711
5729
5734
5735
5749
5752
5756
5760
5761
5762
5765
5772
5774
5776
5782
5790
5793
5801
5818
5820
5822
5831
5834
5839
5851
5853
5870
5878
5882
5886
5890
5894
5897
5902
5905
5906
5909
5917
5923
5930
5931
5933
5934
5936
5943
5947
5948
5950
5951
5954
5956
5957
5961
5969
5974
5975
5986
5989
5990
5998
6000
6001
6013
6015
6020
6022
6028
6035
6043
6044
6046
6049
6052
6057
6059
6062
6066
6073
6075
6088
6091
6092
6093
6096
6099
6103
6107
6114
6115
6122
6126
6127
6132
6133
6142
6143
6154
6155
6157
6162
6168
6169
6175
6178
6187
6188
6191
6196
6205
6208
6226
6233
6238
6240
6242
6243
6249
6250
6258
6262
6275
6278
6281
6286
6288
6294
6299
6300
6307
6314
6316
6317
6318
6323
6329
6333
6342
6344
6359
6360
6369
6372
6380
6388
6392
6394
6395
6396
6397
6402
6408
6410
6415
6419
6423
6429
6432
6434
6436
6440
6442
6444
6446
6464
6467
6475
6481
6486
6487
6500
6508
6512
6523
6536
6538
6541
6546
6549
6554
6557
6562
6566
6571
6574
6576
6587
6595
6600
6603
6618
6622
6624
6627
6631
6641
6643
6646
6651
6656
6664
6666
6669
6672
6673
6677
6679
6680
6694
6696
6706
6719
6730
6737
6753
6756
6759
6761
6768
6771
6777
6783
6784
6786
6790
6791
6796
6799
6800
6805
6806
6813
6820
6824
6825
6828
6839
6846
6847
6849
6850
6851
6854
6855
6859
6860
6869
6881
6891
6892
6895
6897
6907
6917
6925
6928
6937
6944
6945
6949
6956
6964
6975
6986
6987
6989
6993
6997
6999
7015
7019
7030
7033
7039
7042
7045
7054
7060
7061
7062
7068
7075
7079
7084
7088
7089
7099
7100
7107
7110
7111
7112
7115
7116
7121
7123
7124
7126
7132
7138
7140
7143
7149
7154
7155
7161
7164
7169
7173
7174
7181
7184
7190
7196
7198
7211
7215
7217
7218
7226
7228
7243
7247
7248
7249
7255
7258
7260
7264
7271
7275
7277
7280
7283
7288
7293
7294
7301
7306
7307
7310
7319
7320
7322
7336
7339
7343
7344
7350
7351
7354
7356
7363
7367
7376
7380
7390
7395
7400
7403
7404
7420
7423
7424
7425
7428
7430
7432
7433
7438
7441
7446
7448
7450
7457
7463
7469
7470
7475
7492
7502
7507
7510
7519
7521
7525
7549
7550
7551
7552
7555
7556
7557
7558
7561
7565
7566
7575
7578
7592
7593
7596
7600
7611
7616
7617
7622
7627
7636
7647
7649
7657
7659
7662
7672
7677
7679
7680
7681
7688
7690
7704
7706
7712
7715
7718
7723
7725
7726
7734
7735
7736
7737
7742
7746
7749
7779
7782
7791
7794
7800
7813
7830
7832
7835
7840
7842
7846
7847
7863
7868
7878
7879
7886
7888
7895
7919
7923
7925
7926
7935
7938
7942
7944
7957
7959
7960
7964
7966
7968
7969
7970
7983
7986
7992
8007
8019
8027
8029
8033
8039
8060
8064
8069
8076
8080
8082
8090
8095
8098
8099
8103
8109
8110
8115
8118
8119
8121
8125
8126
8139
8144
8149
8155
8163
8166
8175
8178
8181
8184
8185
8190
8191
8193
8196
8197
8198
8202
8205
8207
8211
8214
8215
8218
8220
8224
8225
8237
8248
8253
8255
8257
8264
8283
8285
8286
8287
8294
8302
8309
8316
8317
8323
8327
8338
8349
8352
8353
8354
8355
8359
8361
8370
8373
8375
8383
8384
8387
8388
8389
8391
8407
8409
8410
8414
8419
8426
8432
8434
8450
8454
8457
8475
8479
8483
8491
8492
8501
8502
8504
8507
8516
8522
8527
8528
8541
8542
8545
8554
8561
8569
8583
8584
8586
8587
8589
8598
8603
8606
8609
8623
8626
8629
8631
8635
8639
8655
8658
8666
8667
8670
8673
8680
8682
8686
8690
8693
8697
8698
8714
8719
8726
8730
8731
8732
8734
8738
8744
8750
8761
8762
8777
8779
8789
8791
8805
8811
8816
8828
8830
8835
8839
8845
8848
8855
8857
8867
8874
8882
8889
8891
8892
8894
8896
8900
8908
8913
8918
8931
8936
8941
8947
8959
8960
8972
8978
8983
8985
8990
8995
8998
9000
9004
9011
9015
9018
9028
9033
9035
9037
9041
9046
9051
9054
9057
9059
9068
9070
9074
9076
9082
9083
9085
9086
9089
9093
9102
9108
9128
9133
9136
9142
9155
9159
9168
9180
9182
9192
9195
9196
9200
9201
9202
9218
9220
9223
9230
9233
9237
9240
9246
9249
9250
9251
9252
9262
9264
9273
9280
9282
9283
9288
9291
9298
9301
9304
9305
9307
9308
9311
9313
9326
9330
9333
9335
9336
9340
9344
9345
9346
9347
9352
9360
9364
9370
9380
9384
9386
9387
9389
9400
9414
9427
9439
9447
9449
9450
9451
9458
9464
9482
9492
9495
9496
9502
9504
9508
9510
9516
9520
9523
9526
9528
9541
9543
9547
9556
9559
9567
9573
9574
9577
9585
9588
9591
9604
9612
9613
9614
9621
9622
9623
9630
9644
9645
9656
9659
9669
9670
9679
9687
9696
9699
9711
9736
9747
9754
9755
9756
9764
9765
9766
9775
9778
9782
9801
9802
9815
9821
9824
9825
9826
9828
9833
9835
9841
9843
9844
9854
9867
9869
9877
9878
9879
9885
9892
9895
9896
9897
9899
9900
9903
9907
9909
9911
9918
9919
9921
9925
9928
9931
9935
9938
9950
9960
9979
9985
9994
9996
