1 1 11 3 2657
1 2 11 16 3680
1 3 12 16 3985
1 4 12 16 4351
1 5 13 16 4623
1 6 14 16 4777
1 7 14 17 5022
1 8 15 17 5243
1 9 15 17 5393
1 10 16 17 5555
1 11 16 17 5620
2 1 10 2 2668
2 2 12 9 3369
2 3 13 16 3859
2 4 14 16 4189
2 5 14 16 4566
2 6 13 16 4849
2 7 13 16 4976
2 8 14 17 5239
2 9 15 17 5436
2 10 15 17 5534
2 11 16 17 5620
3 1 11 3 2610
3 2 12 13 3291
3 3 13 16 3797
3 4 13 16 4141
3 5 13 16 4419
3 6 14 16 4823
3 7 15 16 5024
3 8 15 16 5183
3 9 16 17 5370
3 10 16 17 5501
3 11 16 17 5620
4 1 11 7 2712
4 2 12 14 3550
4 3 14 16 4061
4 4 14 16 4348
4 5 14 16 4706
4 6 14 16 4781
4 7 14 16 4915
4 8 14 16 5039
4 9 15 17 5384
4 10 15 17 5546
4 11 16 17 5620
5 1 10 4 2544
5 2 13 15 3168
5 3 13 16 3746
5 4 13 16 4255
5 5 13 16 4427
5 6 15 16 4740
5 7 15 17 5059
5 8 14 17 5240
5 9 14 17 5331
5 10 16 17 5499
5 11 16 17 5620
6 1 6 3 2079
6 2 10 9 3176
6 3 12 18 3754
6 4 13 18 4225
6 5 14 16 4517
6 6 14 16 4713
6 7 14 16 5036
6 8 14 17 5185
6 9 15 17 5365
6 10 16 17 5486
6 11 16 17 5620
7 1 9 2 2264
7 2 12 11 3190
7 3 13 15 3643
7 4 13 18 4094
7 5 14 20 4491
7 6 15 20 4722
7 7 15 20 5071
7 8 16 18 5206
7 9 15 17 5404
7 10 16 17 5469
7 11 16 17 5620
8 1 9 2 2640
8 2 12 12 3628
8 3 14 16 4299
8 4 14 16 4672
8 5 13 16 4673
8 6 13 16 4891
8 7 14 17 5121
8 8 14 17 5355
8 9 16 17 5501
8 10 16 17 5575
8 11 16 17 5620
9 1 12 9 2468
9 2 12 13 3354
9 3 12 16 3979
9 4 13 16 4349
9 5 13 16 4541
9 6 13 16 4727
9 7 13 16 4905
9 8 15 17 5108
9 9 16 17 5382
9 10 16 17 5546
9 11 16 17 5620
10 1 10 4 2640
10 2 10 7 3449
10 3 11 14 3950
10 4 13 14 4251
10 5 13 16 4560
10 6 14 16 4720
10 7 14 16 4970
10 8 14 17 5326
10 9 14 17 5449
10 10 16 17 5555
10 11 16 17 5620
