1 1 14 20 2898
1 2 14 22 3626
1 3 16 22 4049
1 4 18 23 4715
1 5 20 23 5120
1 6 22 23 5542
1 7 23 23 6025
1 8 26 26 6332
1 9 29 26 6453
1 10 30 28 6746
1 11 31 28 6780
2 1 11 14 2803
2 2 12 18 3630
2 3 15 20 4325
2 4 17 22 5031
2 5 18 25 5432
2 6 23 26 5752
2 7 22 24 5963
2 8 25 24 6275
2 9 29 28 6530
2 10 31 28 6696
2 11 31 28 6780
3 1 12 20 3391
3 2 13 22 4062
3 3 16 22 4455
3 4 17 23 5027
3 5 19 23 5469
3 6 22 24 5834
3 7 27 24 6180
3 8 26 24 6359
3 9 29 24 6522
3 10 29 26 6697
3 11 31 28 6780
4 1 12 14 2899
4 2 13 20 4134
4 3 16 22 4743
4 4 18 23 5318
4 5 19 23 5503
4 6 24 23 5695
4 7 27 24 5951
4 8 28 24 6168
4 9 28 26 6472
4 10 31 26 6690
4 11 31 28 6780
5 1 15 16 3529
5 2 13 22 4562
5 3 18 22 5097
5 4 18 23 5389
5 5 18 24 5565
5 6 21 24 5849
5 7 24 24 6130
5 8 24 24 6385
5 9 28 24 6642
5 10 30 26 6697
5 11 31 28 6780
6 1 13 16 2972
6 2 14 22 4076
6 3 16 22 4543
6 4 18 22 5018
6 5 20 23 5462
6 6 23 23 5875
6 7 25 24 6013
6 8 28 28 6451
6 9 29 28 6616
6 10 30 28 6725
6 11 31 28 6780
7 1 12 18 3470
7 2 15 20 4389
7 3 18 23 5038
7 4 20 23 5442
7 5 22 23 5708
7 6 24 24 6052
7 7 24 26 6276
7 8 28 24 6390
7 9 28 28 6535
7 10 31 28 6663
7 11 31 28 6780
8 1 12 14 3174
8 2 15 20 4150
8 3 16 20 4572
8 4 18 20 5173
8 5 20 23 5501
8 6 24 24 5956
8 7 25 26 6221
8 8 26 26 6482
8 9 28 26 6541
8 10 30 28 6736
8 11 31 28 6780
9 1 12 18 3329
9 2 12 20 3992
9 3 18 22 4644
9 4 20 23 5156
9 5 21 23 5416
9 6 24 23 5733
9 7 28 24 5977
9 8 29 24 6224
9 9 28 24 6399
9 10 31 24 6584
9 11 31 28 6780
10 1 12 16 3432
10 2 13 18 4382
10 3 17 18 5000
10 4 17 23 5340
10 5 19 23 5580
10 6 22 23 5833
10 7 25 24 6095
10 8 27 26 6276
10 9 29 26 6578
10 10 30 28 6623
10 11 31 28 6780
