1 94 0
1 137 0
1 99 0
1 139 1
2 95 4
2 95 1
2 39 1
2 151 4
2 151 1
2 119 4
2 119 1
2 111 4
2 111 1
0 21202 1
0 21274 2
0 21202 4
0 21202 2
0 21537 4
0 21537 3
0 21393 4
0 21320 4
0 21320 1
0 21274 1
0 21208 2
0 21208 1
0 21280 2
0 21280 1
0 21274 4
0 16293 3
0 16293 0
0 16288 0
0 12627 2
0 12627 1
0 12621 4
0 12621 2
0 12621 1
0 20649 4
0 20649 1
0 30957 4
0 30957 1
0 30951 4
0 30951 1
0 30889 2
0 30889 1
0 30883 4
0 30883 1
0 16891 4
0 16891 2
0 16629 4
0 16629 2
0 16623 4
0 16623 2
0 15866 2
0 15866 1
0 15860 4
0 15860 2
0 16891 1
0 16629 1
0 16623 1
0 15860 1
0 16238 2
0 16238 1
0 16232 4
0 16232 2
0 16169 2
0 16169 1
0 16163 4
0 16163 2
0 16232 1
0 16163 1
0 16897 2
0 16897 1
0 12225 2
0 12225 0
0 16873 2
0 12225 5
0 12646 1
0 12637 1
0 12646 2
0 12646 4
0 12637 4
0 12637 2
0 16927 1
0 16917 1
0 16916 1
0 16913 1
0 16907 1
0 16905 1
0 16895 1
0 16890 1
0 16887 1
0 16659 1
0 16649 1
0 16648 1
0 16645 1
0 16639 1
0 16637 1
0 16627 1
0 16622 1
0 16619 1
0 15896 1
0 15886 1
0 15885 1
0 15882 1
0 15876 1
0 15874 1
0 15864 1
0 15859 1
0 15856 1
0 12647 1
0 12643 1
0 12657 1
0 12617 1
0 12625 1
0 12620 1
0 12635 1
0 30987 4
0 30987 1
0 30977 4
0 30977 1
0 30976 4
0 30976 1
0 30973 4
0 30973 1
0 30967 4
0 30967 1
0 30965 4
0 30965 1
0 30955 4
0 30955 1
0 30950 4
0 30950 1
0 30947 4
0 30947 1
0 30920 4
0 30919 4
0 30919 1
0 30909 4
0 30909 1
0 30908 4
0 30908 1
0 30905 4
0 30905 1
0 30899 4
0 30899 1
0 30897 4
0 30897 1
0 30887 4
0 30887 1
0 30882 4
0 30882 1
0 30879 4
0 30879 1
0 30854 4
0 16928 4
0 16927 4
0 16927 2
0 16917 4
0 16917 2
0 16916 4
0 16916 2
0 16913 4
0 16913 2
0 16907 4
0 16907 2
0 16905 4
0 16905 2
0 16895 4
0 16895 2
0 16890 4
0 16890 2
0 16887 4
0 16887 2
0 16874 4
0 16862 4
0 16659 4
0 16659 2
0 16649 4
0 16649 2
0 16648 4
0 16648 2
0 16645 4
0 16645 2
0 16639 4
0 16639 2
0 16637 4
0 16637 2
0 16627 4
0 16627 2
0 16622 4
0 16622 2
0 16619 4
0 16619 2
0 15897 4
0 15896 4
0 15896 2
0 15886 4
0 15886 2
0 15885 4
0 15885 2
0 15882 4
0 15882 2
0 15876 4
0 15876 2
0 15874 4
0 15874 2
0 15864 4
0 15864 2
0 15859 4
0 15859 2
0 15856 4
0 15856 2
0 15832 4
0 12658 4
0 12647 4
0 12647 2
0 12643 4
0 12643 2
0 12657 4
0 12657 2
0 12617 4
0 12617 2
0 12625 2
0 12625 4
0 12606 4
0 12620 4
0 12620 2
0 12635 4
0 12635 2
0 12606 1
0 16874 1
0 12606 2
0 16874 2
0 20865 4
0 20865 1
0 30920 3
0 30854 3
0 21311 4
0 21310 4
0 21300 4
0 21299 4
0 21296 4
0 21290 4
0 21288 4
0 21278 4
0 21273 4
0 21270 4
0 21241 4
0 20663 4
0 20674 1
0 20674 4
0 20665 4
0 16268 1
0 16258 1
0 16257 1
0 16254 1
0 16248 1
0 16246 1
0 16236 1
0 16231 1
0 16228 1
0 16199 1
0 16189 1
0 16188 1
0 16185 1
0 16179 1
0 16177 1
0 16167 1
0 16162 1
0 16159 1
0 16213 1
0 16144 1
0 21300 1
0 21296 1
0 21310 1
0 21270 1
0 21224 1
0 21228 1
0 20671 1
0 20648 1
0 20645 1
0 20685 1
0 20675 1
0 16269 4
0 16268 4
0 16268 2
0 16258 4
0 16258 2
0 16257 4
0 16257 2
0 16254 4
0 16254 2
0 16248 4
0 16248 2
0 16246 4
0 16246 2
0 16236 4
0 16236 2
0 16231 4
0 16231 2
0 16228 4
0 16228 2
0 16201 4
0 16200 4
0 16199 4
0 16199 2
0 16189 4
0 16189 2
0 16188 4
0 16188 2
0 16185 4
0 16185 2
0 16179 4
0 16179 2
0 16177 4
0 16177 2
0 16167 4
0 16167 2
0 16162 4
0 16162 2
0 16159 4
0 16159 2
0 16132 4
0 20686 4
0 20616 4
0 20675 4
0 20671 4
0 20685 4
0 20645 4
0 16213 4
0 16213 2
0 16144 4
0 16144 2
0 20653 4
0 20653 1
0 20628 4
0 20648 4
0 20663 1
0 20665 1
0 21253 4
0 21239 4
0 21169 4
0 21224 2
0 21224 4
0 21300 2
0 21296 2
0 21228 4
0 21228 2
0 20628 1
0 21238 1
0 21198 1
0 21278 1
0 21310 2
0 21238 4
0 21238 2
0 21270 2
0 21198 4
0 21198 2
0 21273 1
0 21288 1
0 21299 1
0 21206 1
0 21290 1
0 21181 4
0 21278 2
0 21206 4
0 21206 2
0 20902 4
0 20891 1
0 20832 4
0 20901 1
0 20887 4
0 20891 4
0 20901 4
0 20861 1
0 20861 4
0 20864 1
0 20869 4
0 20869 1
0 20864 4
0 21201 1
0 21253 1
0 20686 1
0 20616 1
0 20879 1
0 20879 4
0 20890 1
0 20890 4
0 20881 1
0 20881 4
0 21201 2
0 16865 2
0 16597 2
0 15836 2
0 15835 2
0 20902 1
0 20832 1
0 20887 1
0 21273 2
0 21201 4
0 20844 1
0 20844 4
0 21216 1
0 21181 1
0 21288 2
0 21216 4
0 21216 2
0 16873 5
0 16866 4
0 12598 4
0 16928 1
0 16862 1
0 15897 1
0 15832 1
0 12658 1
0 16866 1
0 12598 1
0 12225 3
0 12225 1
0 16866 2
0 16598 4
0 16598 2
0 12598 2
0 16928 3
0 16927 5
0 16927 3
0 16917 5
0 16917 3
0 16916 5
0 16916 3
0 16913 5
0 16913 3
0 16907 5
0 16907 3
0 16905 5
0 16905 3
0 16895 5
0 16895 3
0 16890 5
0 16890 3
0 16887 5
0 16887 3
0 16874 3
0 16862 3
0 16659 5
0 16659 3
0 16649 5
0 16649 3
0 16648 5
0 16648 3
0 16645 5
0 16645 3
0 16639 5
0 16639 3
0 16637 5
0 16637 3
0 16627 5
0 16627 3
0 16622 5
0 16622 3
0 16619 5
0 16619 3
0 15897 3
0 15896 5
0 15896 3
0 15886 5
0 15886 3
0 15885 5
0 15885 3
0 15882 5
0 15882 3
0 15876 5
0 15876 3
0 15874 5
0 15874 3
0 15864 5
0 15864 3
0 15859 5
0 15859 3
0 15856 5
0 15856 3
0 15832 3
0 12658 3
0 12647 5
0 12647 3
0 12643 5
0 12643 3
0 12657 5
0 12657 3
0 12617 5
0 12617 3
0 12625 5
0 12625 3
0 12606 3
0 12620 5
0 12620 3
0 12635 5
0 12635 3
0 12646 5
0 12646 3
0 12637 5
0 12637 3
0 16891 5
0 16891 3
0 16629 5
0 16629 3
0 16623 5
0 16623 3
0 15866 5
0 15860 5
0 15860 3
0 12621 5
0 12621 3
0 16293 5
0 16288 5
0 16598 1
0 21357 4
0 21318 4
0 21227 1
0 21218 1
0 21299 2
0 21227 4
0 21227 2
0 21290 2
0 21218 4
0 21218 2
0 21181 2
0 16865 5
0 16597 5
0 15836 5
0 15835 5
0 31101 2
0 19924 2
0 3506 2
0 3506 1
0 3505 4
0 3505 1
0 3504 4
0 3504 1
0 3503 4
0 3503 1
0 3501 4
0 3501 1
0 3499 4
0 3499 1
0 3498 4
0 3498 1
0 3497 4
0 3497 1
0 3494 4
0 3494 3
0 3480 4
0 3480 1
0 1708 1
0 1707 4
0 1707 1
0 1706 4
0 1706 1
0 1705 4
0 1705 1
0 1703 4
0 1703 1
0 1701 4
0 1701 1
0 1700 4
0 1700 1
0 1699 4
0 1699 1
0 1696 4
0 1696 3
0 1687 4
0 1687 3
0 1708 2
0 31389 1
0 31387 4
0 20130 1
0 20128 4
0 12606 5
0 16874 5
0 21380 4
0 21379 4
0 1721 2
0 1721 1
0 1719 4
0 1719 1
0 1718 4
0 1718 2
0 1717 4
0 1717 1
0 1715 4
0 1715 1
0 1713 4
0 1713 1
0 1711 4
0 1711 1
0 1710 4
0 1710 1
0 1708 4
0 1679 5
0 1679 0
0 3100 4
0 3100 3
0 1718 1
0 31387 1
0 31385 4
0 31385 3
0 20128 1
0 20126 4
0 20126 3
0 16866 5
0 16598 5
0 16598 3
0 12598 5
0 12457 2
0 16866 3
0 12598 3
0 16897 5
0 12627 5
0 29993 4
0 29993 1
0 29992 4
0 29992 1
0 29991 4
0 29991 1
0 29990 4
0 29990 1
0 29989 4
0 29989 1
0 29988 4
0 29988 1
0 29987 4
0 29987 1
0 29986 4
0 29986 1
0 29985 4
0 29985 1
0 29984 4
0 29984 1
0 29983 4
0 29983 1
0 29982 4
0 29982 1
0 29981 4
0 29981 1
0 29980 4
0 29980 1
0 29979 4
0 29979 1
0 29978 4
0 29978 1
0 29977 4
0 29977 1
0 29976 4
0 29976 1
0 29975 4
0 29975 1
0 29974 4
0 29974 1
0 29973 4
0 29973 1
0 29972 4
0 29972 1
0 29971 4
0 29971 1
0 29970 4
0 29970 1
0 29969 4
0 29969 1
0 29968 4
0 29968 1
0 29967 4
0 29967 1
0 29966 4
0 29966 1
0 29965 4
0 29962 4
0 29962 1
0 29960 4
0 29960 1
0 29956 4
0 29956 1
0 29955 4
0 29955 1
0 29952 4
0 29952 1
0 29947 4
0 29947 1
0 29932 4
0 29932 1
0 29927 4
0 29927 1
0 16288 3
0 31163 4
0 31021 1
0 31020 4
0 30813 1
0 30812 4
0 29893 1
0 29891 4
0 29860 4
0 29054 1
0 29053 4
0 1612 5
0 1612 0
0 21357 1
0 21318 1
0 1620 0
0 20836 1
0 20836 4
0 1673 0
0 20936 4
0 1671 0
0 1668 0
0 16205 2
0 16136 2
0 21173 2
0 21245 2
0 1667 0
0 1666 0
0 20620 1
0 1665 0
0 16205 4
0 16136 4
0 20620 4
0 21245 4
0 21173 4
0 1664 0
0 1663 0
0 1660 0
0 1659 0
0 1657 0
0 1656 0
0 1655 0
0 1653 0
0 1651 0
0 1649 0
0 1648 0
0 1644 0
0 1643 0
0 1660 2
0 3226 4
0 1657 2
0 1656 2
0 1639 2
0 1653 2
0 1655 2
0 1659 2
0 20951 1
0 20951 4
0 20962 1
0 20962 4
0 20953 1
0 20953 4
0 1612 2
0 16269 3
0 16268 5
0 16268 3
0 16258 5
0 16258 3
0 16257 5
0 16257 3
0 16254 5
0 16254 3
0 16248 5
0 16248 3
0 16246 5
0 16246 3
0 16236 5
0 16236 3
0 16231 5
0 16231 3
0 16228 5
0 16228 3
0 16201 3
0 16200 3
0 16199 5
0 16199 3
0 16189 5
0 16189 3
0 16188 5
0 16188 3
0 16185 5
0 16185 3
0 16179 5
0 16179 3
0 16177 5
0 16177 3
0 16167 5
0 16167 3
0 16162 5
0 16162 3
0 16159 5
0 16159 3
0 16132 3
0 16213 5
0 16213 3
0 16144 3
0 16144 5
0 21311 3
0 21310 3
0 21300 3
0 21299 3
0 21296 3
0 21290 3
0 21288 3
0 21278 3
0 21273 3
0 21270 3
0 21241 3
0 21253 3
0 21239 3
0 21169 3
0 21224 5
0 21224 3
0 21300 5
0 21296 5
0 21228 5
0 21228 3
0 21310 5
0 21238 5
0 21238 3
0 21270 5
0 21198 5
0 21198 3
0 16238 5
0 16232 5
0 16232 3
0 16169 5
0 16163 3
0 16163 5
0 21280 5
0 21274 3
0 16269 1
0 16201 1
0 16200 1
0 16132 1
0 16205 1
0 16136 1
0 21311 1
0 21241 1
0 21239 1
0 21169 1
0 21245 1
0 21173 1
0 1665 5
0 1664 5
0 1663 5
0 1660 5
0 1657 5
0 1659 5
0 1656 5
0 1653 5
0 1655 5
0 1649 5
0 21380 1
0 21379 1
0 21253 2
0 1651 5
0 20941 4
0 20936 1
0 32296 1
