print_tokens
1 0.00 0.00
1.01 0.00 0.00
2.0 0.00 0.00
5.0 0.00 0.00
10.0 0.00 0.00
100.0 0.00 0.00
1000.0 0.00 0.00
tcas
1 568.50 5508.90
1.01 569.00 5680.32
2.0 538.98 2269.78
5.0 485.65 267.32
10.0 410.45 90.00
100.0 62.05 0.07
1000.0 0.00 0.00
tot_info
1 423.05 12924.55
1.01 489.14 16047.91
2.0 622.36 29886.64
5.0 640.86 36008.77
10.0 620.82 35464.05
100.0 483.32 19397.82
1000.0 211.95 1653.68
schedule
1 239.33 605.67
1.01 266.22 706.89
2.0 316.78 770.22
5.0 314.89 375.11
10.0 316.11 189.89
100.0 285.89 26.67
1000.0 153.00 4.44
replace
1 567.33 1977.33
1.01 597.67 2197.67
2.0 621.33 1221.00
5.0 617.67 476.00
10.0 552.00 221.00
100.0 406.33 45.67
1000.0 173.67 19.67
print_tokens2
1 475.00 14532.25
1.01 566.12 18763.00
2.0 644.00 26691.62
5.0 645.12 25747.38
10.0 616.88 20661.00
100.0 466.62 5195.88
1000.0 228.62 534.75
schedule2
1 304.78 992.67
1.01 349.33 1215.89
2.0 362.89 1198.00
5.0 332.33 527.78
10.0 300.67 245.11
100.0 219.00 3.11
1000.0 95.44 0.22
0
