21: 108 1 109 1 110 0.934866 112 0.653124 
218: 
217: 
1: 2 1 3 1 4 1 5 1 6 1 7 1 8 0.776028 9 1 17 0.760572 118 0.030967 119 0.030967 120 0.0325882 121 0.0325882 122 0.760572 196 -0.00476352 197 -0.00476352 199 -0.00641809 200 -0.00641809 
195: 198 0.177902 203 0.200286 204 0.580519 205 0.174751 206 0.573649 207 0.186614 208 0.200286 209 0.378822 210 0.194677 211 0.576825 213 0.177477 214 0.152121 215 0.211784 219 0.162732 220 0.156415 224 0.167761 
126: 128 0.294805 129 0.294805 130 0.279527 131 0.279527 133 0.266185 134 0.310417 
11: 12 0.994018 13 0.650735 14 0.650735 15 0.650735 16 0.650735 132 0.341624 
111: 113 0.620376 114 1 115 1 116 0.722567 
10: 18 0 19 0 20 0 22 0 23 0 24 0 25 0 26 0 27 0 28 0 29 0 30 0 31 0 32 0 33 0 34 0 35 0 36 0 37 0 38 0 39 0 40 0 41 0 42 0 43 0 44 0 45 0 46 0 47 0 48 0 49 0 50 0 51 0 52 0 53 0 54 0 55 0 56 0 57 0 58 0 59 0 60 0 61 0 62 0 63 0 64 0 65 0 66 0 67 0 68 0 69 0 70 0 71 0 72 0 73 0 74 0 75 0 76 0 77 0 78 0 79 0 80 0 81 0 82 0 83 0 84 0 85 0 86 0 87 0 88 0 89 0 90 0 91 0 92 0 93 0 94 0 95 0 96 0 97 0 98 0 99 0 100 0 101 0 102 0 103 0 104 0 105 0 106 0.00578104 107 0 117 0.0064785 123 0.268446 124 -0.0996433 125 0 127 0 135 0 136 0 137 0 138 0 139 0 140 0 141 0 142 0 143 0 144 0 145 0 146 0 147 0 148 0 149 0 150 0 151 0 152 0 153 0 154 0 155 0 156 0 157 0 158 0 159 0 160 0 161 0 162 0 163 0 164 0 165 0 166 0 167 0 168 0 169 0 170 0 171 0 172 0 173 0 174 0 175 0 176 0 177 0 178 0 179 0 180 0 181 0 182 0 183 0 184 0 185 0 186 0 187 0 188 0 189 0 190 0 191 0 192 0 193 -0.0270077 194 0 201 0 202 0 212 0 216 0 221 0 222 0 223 0 225 0.00135871 226 0.00136758 

