1: 16 1 15 1 14 1 13 1 223 0.891145 222 0.891145 242 0.660138 241 0.660138 248 0.654654 247 0.654654 236 0.510547 235 0.510547 246 0.356348 245 0.356348 
2: 42 1 41 1 24 1 23 1 22 1 21 1 18 1 17 1 6 1 5 0.901286 4 0.901286 3 0.901153 9 0.595545 
7: 26 1 25 1 38 0.969479 37 0.969479 36 0.969479 35 0.969479 34 0.969479 33 0.969479 32 0.969479 31 0.969479 30 0.969479 29 0.969479 40 0.905626 39 0.905626 
8: 
10: 
11: 232 1 231 1 205 0.994626 204 0.994626 206 0.991606 230 0.4592 154 0.381166 171 0.374725 153 0.374592 177 0.305816 
12: 228 1 227 1 
19: 20 1 
27: 28 1 130 0.618913 129 0.618913 128 0.618913 127 0.618913 126 0.60293 125 0.60293 123 0.588095 122 0.588095 116 0.57696 115 0.57696 121 0.574276 120 0.574276 114 0.549257 113 0.549257 112 0.549257 111 0.549257 
43: 145 0.613465 144 0.613465 
44: 55 1 54 1 52 1 51 1 50 1 49 1 45 1 47 0.669824 46 0.669824 136 0.473944 135 0.473944 
48: 
53: 
56: 
57: 96 1 95 1 94 1 93 1 92 1 91 1 90 1 87 1 86 1 85 1 84 1 83 1 82 1 70 1 69 1 68 1 67 1 66 1 65 1 64 1 63 1 62 1 61 1 60 1 59 1 58 1 81 0.935084 80 0.935084 79 0.935084 78 0.935084 77 0.935084 76 0.935084 75 0.935084 74 0.935084 73 0.935084 72 0.935084 71 0.935084 
88: 89 1 
97: 110 1 119 0.990346 118 0.918141 117 0.918141 124 0.87332 133 0.8583 132 0.8583 134 0.856324 138 0.553874 137 0.553874 161 0.422166 160 0.422166 159 0.422166 158 0.422166 157 0.422166 162 0.346958 
98: 103 1 102 1 101 1 100 1 99 1 107 0.996547 106 0.996547 105 0.993064 104 0.993064 109 0.979717 108 0.979717 168 0.466553 167 0.466553 
131: 
139: 
140: 141 1 
142: 143 1 151 0.672695 150 0.672695 166 0.531692 165 0.531692 
146: 147 1 149 0.826735 148 0.826735 
152: 178 0.651453 
155: 
156: 
163: 164 1 
169: 170 1 
172: 211 0.909148 203 0.618196 202 0.618196 201 0.618196 
173: 174 1 
175: 176 0.992956 
179: 180 1 217 0.540088 216 0.540088 208 0.431454 207 0.431454 210 0.428873 209 0.428873 
181: 182 1 215 0.507395 214 0.507395 
183: 184 1 
185: 186 1 244 0.304981 243 0.304981 
187: 188 1 198 0.380566 197 0.380566 
189: 192 1 191 1 190 1 
193: 194 1 
195: 196 1 
199: 200 1 
212: 213 1 
218: 221 1 220 1 219 1 
224: 226 1 225 1 234 0.578839 233 0.578839 238 0.510206 237 0.510206 240 0.43269 239 0.43269 
229: 
