1: 9 -0.0398237 10 0.0672755 13 1 14 1 15 1 16 1 43 0.268193 88 0.183704 89 0.183704 144 0.173398 145 0.173398 222 0.238815 223 0.238815 224 0.208913 225 0.208913 226 0.208913 233 0.142598 234 0.142598 237 0.102029 238 0.102029 239 0.074566 240 0.074566 241 0.0921021 242 0.0921021 
2: 3 0.904484 4 0.591858 5 0.591858 6 0.957402 17 1 18 1 21 0.957402 22 0.957402 23 0.957402 24 0.957402 41 0.957402 42 0.957402 
218: 219 1 220 1 221 1 
57: 58 1 59 0.961047 60 0.961047 61 0.961047 62 0.961047 63 0.961047 64 0.961047 65 0.961047 66 0.961047 67 0.961047 68 0.961047 69 0.961047 70 0.961047 71 0.906074 72 0.906074 73 0.906074 74 0.906074 75 0.906074 76 0.906074 77 0.906074 78 0.906074 79 0.906074 80 0.906074 81 0.906074 82 0.975257 83 0.936661 84 0.936661 85 0.987397 86 0.987397 87 0.987397 90 0.963553 91 0.963553 92 0.963553 93 0.963553 94 0.963553 95 0.963553 96 0.963553 
11: 111 -0.0120425 112 -0.0120425 113 -0.0120425 114 -0.0120425 115 -0.012052 116 -0.012052 120 -0.0107471 121 -0.0107471 122 -0.0122878 123 -0.0122878 125 -0.011239 126 -0.011239 127 -0.0109619 128 -0.0109619 129 -0.0126807 130 -0.0126807 153 0.350264 154 0.350818 171 0.314952 177 0.358235 189 -0.00339955 190 -0.00339955 191 -0.00339955 192 -0.00339955 204 0.998124 205 0.998124 206 0.997585 230 0.580178 231 1 232 1 
97: 110 0.990252 117 0.911082 118 0.911082 119 0.974454 124 0.826265 132 0.760533 133 0.760533 134 0.769862 135 0.213759 136 0.213759 137 0.618654 138 0.618654 
7: 25 1 26 1 29 0.841329 30 0.841329 31 0.841329 32 0.841329 33 0.841329 34 0.841329 35 0.841329 36 0.841329 37 0.841329 38 0.841329 39 0.790212 40 0.790212 
157: 158 1 159 1 160 1 161 1 162 0.960492 
8: 12 0.303791 19 0.140976 20 0.140976 27 0.0334886 28 0.0334886 44 0.00929186 45 0.00929186 46 0.0156793 47 0.0156793 48 -0.0539354 49 0.0149242 50 0.0149242 51 0.0149242 52 0.0149242 53 0.040477 54 0.0193613 55 0.0193613 56 0.0336564 131 0.0663438 139 0.00982653 140 0.0110156 141 0.0110156 142 0.0123353 143 0.0123353 150 0.00710438 151 0.00710438 152 0.0744862 155 0.0169689 156 -0.00230724 163 0.0234673 164 0.0234673 165 0.00584939 166 0.00584939 169 0.0194657 170 0.0194657 172 0.0917447 173 0.0295258 174 0.0295258 175 0.0794588 176 0.0775173 178 0.0634785 179 0.0575889 180 0.0575889 181 0.0285667 182 0.0285667 183 0.0258632 184 0.0258632 185 0.0509695 186 0.0509695 187 0.030022 188 0.030022 193 0.0695703 194 0.0695703 195 0.0327519 196 0.0327519 197 0.0282862 198 0.0282862 199 0.0246872 200 0.0246872 201 0.0485021 202 0.0485021 203 0.0485021 207 0.063968 208 0.063968 209 0.0643007 210 0.0643007 211 0.0802489 212 0.0382487 213 0.0382487 214 0.060111 215 0.060111 216 0.0532695 217 0.0532695 227 0.303791 228 0.303791 229 0.0209485 243 0.00272987 244 0.00272987 245 0.0130193 246 0.0122981 247 -0.0120198 248 -0.0120198 
98: 99 1 100 1 101 1 102 0.999789 103 0.999789 104 0.998737 105 0.998737 106 0.998948 107 0.998948 108 0.994111 109 0.994111 146 0.892737 147 0.892737 148 0.89984 149 0.89984 167 0.545309 168 0.545309 235 0.603615 236 0.603615 
