1 1 20 20 5149
1 2 25 25 7195
1 3 34 26 7677
1 4 37 26 8285
1 5 39 26 8461
1 6 49 26 8932
1 7 51 30 9331
1 8 53 28 9477
1 9 58 31 9563
1 10 61 31 9747
1 11 65 29 9931
2 1 17 16 4829
2 2 24 23 6742
2 3 28 25 7365
2 4 36 25 8108
2 5 44 27 8460
2 6 49 27 8899
2 7 51 28 9095
2 8 57 30 9475
2 9 59 31 9604
2 10 63 31 9809
2 11 65 29 9931
3 1 14 16 4203
3 2 23 23 5591
3 3 27 25 6610
3 4 33 25 7300
3 5 39 25 7879
3 6 41 25 8335
3 7 50 26 8805
3 8 54 28 9086
3 9 57 28 9561
3 10 61 29 9813
3 11 65 29 9931
4 1 19 20 4051
4 2 25 25 6450
4 3 32 25 7600
4 4 34 25 7886
4 5 37 25 8435
4 6 48 27 8966
4 7 53 28 9362
4 8 57 28 9564
4 9 59 29 9681
4 10 61 29 9790
4 11 65 29 9931
5 1 16 16 4458
5 2 27 19 6581
5 3 31 23 7389
5 4 37 25 7801
5 5 41 25 8437
5 6 44 27 8833
5 7 52 28 9226
5 8 57 29 9341
5 9 58 29 9511
5 10 60 29 9773
5 11 65 29 9931
6 1 16 18 4451
6 2 29 23 6641
6 3 39 23 7802
6 4 40 27 8280
6 5 42 27 8729
6 6 48 29 8966
6 7 51 30 9104
6 8 53 29 9377
6 9 58 29 9510
6 10 63 29 9773
6 11 65 29 9931
7 1 17 16 4055
7 2 23 19 5885
7 3 31 23 7346
7 4 36 25 7828
7 5 39 25 8254
7 6 46 27 8991
7 7 50 27 9094
7 8 54 27 9373
7 9 58 29 9666
7 10 62 29 9896
7 11 65 29 9931
8 1 22 20 5044
8 2 24 23 6494
8 3 31 25 7141
8 4 33 25 7687
8 5 41 25 8276
8 6 46 27 9143
8 7 50 27 9322
8 8 54 28 9548
8 9 59 29 9822
8 10 62 29 9863
8 11 65 29 9931
9 1 16 16 4548
9 2 23 25 6253
9 3 30 25 7230
9 4 36 25 7951
9 5 38 25 8143
9 6 42 26 8507
9 7 47 26 8776
9 8 54 29 9115
9 9 59 29 9526
9 10 60 29 9738
9 11 65 29 9931
10 1 17 18 3889
10 2 24 18 6216
10 3 26 21 6978
10 4 32 25 7636
10 5 37 25 8051
10 6 48 25 8683
10 7 53 28 9199
10 8 55 28 9214
10 9 60 28 9504
10 10 64 29 9877
10 11 65 29 9931
