1 1 18 16 4863
1 2 23 20 6811
1 3 23 20 7594
1 4 25 22 8366
1 5 25 22 8724
1 6 27 22 8912
1 7 27 22 9287
1 8 30 23 9597
1 9 30 23 9798
1 10 31 23 10081
1 11 33 23 10224
2 1 18 16 5425
2 2 21 22 6868
2 3 23 24 7665
2 4 24 24 8150
2 5 24 18 8715
2 6 24 20 9187
2 7 27 24 9475
2 8 28 24 9643
2 9 30 23 9740
2 10 32 23 10133
2 11 33 23 10224
3 1 19 16 5795
3 2 22 20 6748
3 3 23 20 7802
3 4 25 22 8624
3 5 26 22 8920
3 6 27 22 9048
3 7 28 22 9518
3 8 30 23 9856
3 9 30 23 9907
3 10 30 23 10097
3 11 33 23 10224
4 1 20 20 5575
4 2 22 22 7208
4 3 23 22 8066
4 4 25 22 8385
4 5 25 22 8738
4 6 27 22 9049
4 7 27 22 9452
4 8 30 23 9643
4 9 30 23 9790
4 10 31 23 10080
4 11 33 23 10224
5 1 20 16 6195
5 2 20 16 7418
5 3 23 22 8217
5 4 25 22 8662
5 5 26 22 9008
5 6 26 22 9197
5 7 28 22 9568
5 8 30 23 9716
5 9 30 23 9930
5 10 30 23 10038
5 11 33 23 10224
6 1 18 18 5508
6 2 19 16 7646
6 3 20 16 8329
6 4 25 22 8588
6 5 26 22 9011
6 6 26 22 9203
6 7 28 22 9527
6 8 30 22 9835
6 9 30 23 9997
6 10 31 23 10188
6 11 33 23 10224
7 1 19 18 5995
7 2 23 22 7109
7 3 23 24 7952
7 4 26 24 8531
7 5 25 24 8911
7 6 26 22 9195
7 7 28 24 9532
7 8 29 25 9725
7 9 31 23 9976
7 10 31 23 10151
7 11 33 23 10224
8 1 21 20 5598
8 2 23 22 6551
8 3 23 24 7619
8 4 23 24 8518
8 5 25 22 8726
8 6 26 22 9146
8 7 29 22 9388
8 8 30 22 9667
8 9 30 23 9733
8 10 31 23 10030
8 11 33 23 10224
9 1 19 16 5303
9 2 20 16 6970
9 3 23 20 7903
9 4 23 22 8545
9 5 25 22 8933
9 6 25 22 9288
9 7 28 22 9349
9 8 28 22 9741
9 9 30 23 9925
9 10 30 23 10106
9 11 33 23 10224
10 1 21 20 5306
10 2 22 20 6796
10 3 23 20 7758
10 4 24 22 8413
10 5 25 22 8799
10 6 27 25 9198
10 7 27 25 9417
10 8 28 23 9679
10 9 31 23 9831
10 10 31 23 10006
10 11 33 23 10224
