4
5
8
10
17
18
29
32
33
39
48
58
63
67
78
81
87
89
90
92
97
105
106
110
115
133
136
156
158
163
168
169
174
181
188
192
203
210
217
222
223
231
233
240
268
271
275
279
280
283
284
291
292
305
306
312
313
315
316
320
323
325
328
331
332
343
356
359
360
364
372
373
376
385
390
394
400
409
411
413
414
415
431
445
452
454
457
461
464
465
467
478
479
486
488
494
502
503
507
510
514
516
517
526
530
531
535
539
551
553
555
557
565
579
584
585
591
598
602
618
622
623
635
640
646
647
649
657
681
682
683
686
691
692
694
702
708
716
721
725
726
731
732
737
742
745
751
752
753
755
758
760
762
765
766
772
778
783
797
799
800
802
805
808
813
817
835
839
840
841
847
849
850
854
855
859
860
862
863
865
866
876
877
885
895
899
907
915
917
918
921
924
932
933
935
943
944
947
950
963
965
968
976
977
980
985
994
997
998
1011
1013
1014
1021
1038
1039
1048
1052
1055
1061
1066
1072
1075
1080
1090
1093
1104
1108
1111
1118
1122
1125
1129
1131
1132
1135
1138
1142
1148
1149
1156
1157
1161
1162
1176
1178
1183
1191
1192
1195
1196
1199
1205
1211
1212
1213
1232
1236
1242
1250
1258
1267
1272
1283
1294
1301
1303
1308
1311
1313
1314
1317
1324
1340
1341
1344
1354
1359
1365
1367
1375
1376
1379
1380
1383
1385
1388
1396
1398
1401
1402
1404
1411
1417
1426
1430
1439
1440
1441
1447
1450
1452
1454
1458
1463
1469
1470
1477
1479
1480
1486
1487
1497
1498
1502
1512
1514
1522
1524
1525
1532
1544
1545
1556
1560
1565
1574
1579
1580
1583
1587
1590
1594
1608
1610
1612
1619
1623
1630
1646
1652
1659
1660
1664
1667
1685
1688
1695
1700
1701
1715
1716
1730
1740
1743
1753
1755
1757
1761
1767
1768
1769
1772
1774
1775
1776
1777
1781
1782
1785
1786
1788
1795
1799
1820
1824
1828
1831
1844
1847
1849
1852
1857
1861
1864
1868
1874
1886
1887
1895
1901
1909
1922
1923
1935
1939
1940
1942
1946
1955
1963
1965
1971
1972
1973
1974
1977
1983
1988
1993
2002
2006
2008
2009
2022
2026
2052
2053
2056
2061
2069
2074
2079
2081
2089
2093
2095
2100
2101
2102
2112
2114
2136
2137
2141
2142
2155
2159
2164
2166
2175
2201
2211
2212
2221
2226
2227
2242
2243
2250
2257
2258
2262
2263
2265
2269
2273
2275
2280
2286
2287
2288
2289
2300
2307
2310
2311
2314
2316
2319
2320
2322
2324
2330
2332
2334
2335
2339
2352
2363
2367
2368
2373
2378
2399
2405
2411
2427
2429
2435
2442
2452
2453
2455
2458
2459
2462
2468
2485
2488
2500
2504
2508
2516
2517
2524
2526
2529
2531
2533
2537
2542
2548
2550
2554
2556
2567
2572
2574
2586
2598
2609
2612
2617
2629
2636
2641
2643
2664
2667
2671
2675
2695
2705
2706
2708
2712
2725
2726
2746
2759
2760
2761
2767
2776
2778
2779
2782
2787
2801
2808
2813
2816
2819
2820
2824
2825
2828
2830
2835
2838
2839
2853
2854
2857
2860
2861
2862
2872
2875
2879
2888
2894
2896
2897
2902
2918
2922
2930
2935
2952
2954
2959
2960
2963
2970
2971
2973
2984
2989
2995
2996
3000
3014
3017
3018
3020
3021
3031
3034
3037
3040
3049
3051
3055
3068
3079
3080
3084
3089
3109
3113
3114
3126
3132
3141
3144
3148
3152
3157
3172
3176
3178
3179
3186
3187
3189
3190
3196
3213
3219
3222
3225
3233
3238
3242
3243
3244
3251
3257
3271
3278
3279
3281
3284
3290
3291
3298
3299
3308
3318
3321
3323
3335
3336
3340
3346
3354
3355
3358
3361
3376
3380
3382
3384
3386
3387
3397
3419
3420
3426
3444
3445
3455
3457
3459
3460
3464
3467
3476
3483
3493
3496
3502
3511
3517
3519
3526
3530
3539
3545
3547
3561
3563
3567
3576
3586
3592
3597
3599
3600
3601
3607
3609
3615
3624
3627
3631
3632
3639
3642
3646
3649
3651
3652
3655
3656
3657
3658
3659
3664
3676
3686
3691
3697
3699
3706
3712
3713
3721
3726
3733
3734
3735
3738
3742
3751
3765
3772
3774
3781
3790
3794
3797
3803
3809
3818
3819
3823
3824
3825
3834
3838
3840
3855
3867
3868
3872
3873
3876
3877
3880
3892
3920
3934
3939
3940
3944
3948
3965
3967
3969
3970
3975
3981
3989
3990
3996
3998
4008
4013
4014
4017
4020
4021
4028
4033
4034
4041
4047
4066
4067
4072
4074
4080
4081
4083
4088
4090
4095
4108
4142
4147
4150
4153
4162
4171
4174
4178
4179
4187
4189
4192
4196
4200
4202
4214
4221
4227
4230
4238
4246
4247
4255
4261
4272
4286
4289
4290
4295
4301
4315
4317
4321
4322
4324
4328
4331
4332
4334
4338
4340
4345
4346
4355
4361
4367
4370
4372
4374
4379
4381
4390
4392
4393
4398
4402
4414
4417
4418
4422
4431
4439
4441
4444
4448
4453
4459
4460
4462
4473
4476
4477
4481
4485
4487
4494
4514
4516
4523
4526
4541
4542
4548
4552
4553
4567
4572
4582
4587
4593
4594
4601
4604
4610
4616
4625
4628
4629
4632
4634
4640
4642
4645
4647
4649
4650
4652
4654
4657
4659
4666
4667
4668
4672
4673
4674
4684
4692
4693
4704
4705
4708
4709
4721
4722
4727
4736
4748
4751
4756
4762
4774
4776
4777
4779
4795
4796
4798
4799
4805
4812
4815
4823
4829
4837
4838
4840
4844
4849
4856
4865
4866
4870
4876
4882
4897
4906
4908
4913
4934
4937
4940
4944
4951
4953
4954
4961
4963
4972
4977
4985
4988
4990
4992
5000
5010
5011
5018
5020
5021
5034
5035
5047
5053
5054
5055
5060
5066
5069
5084
5089
5097
5098
5105
5109
5117
5129
5133
5137
5139
5145
5150
5160
5164
5166
5167
5179
5180
5196
5198
5202
5203
5207
5215
5217
5222
5226
5228
5233
5246
5254
5258
5262
5263
5272
5277
5279
5282
5283
5294
5299
5307
5311
5315
5318
5325
5334
5336
5340
5344
5346
5348
5350
5366
5375
5379
5380
5382
5383
5385
5388
5392
5398
5405
5410
5411
5413
5415
5417
5419
5423
5425
5426
5428
5429
5433
5439
5443
5446
5471
5478
5481
5482
5486
5490
5494
5501
5509
5519
5522
5526
5535
5538
5544
5545
5548
5549
5561
5563
5566
5572
5578
5589
5592
5597
5599
5600
5603
5606
5607
5610
5611
5614
5615
5621
5628
5630
5634
5637
5638
5664
5667
5668
5680
5681
5683
5684
5685
5692
5707
5716
5723
5724
5736
5738
5752
5753
5754
5761
5763
5766
5771
5772
5781
5784
5792
5802
5804
5805
5809
5812
5822
5827
5835
5842
5844
5845
5846
5850
5853
5865
5866
5867
5868
5871
5873
5874
5881
5887
5888
5897
5898
5901
5903
5904
5919
5922
5928
5929
5939
5942
5952
5954
5960
5962
5964
5972
5973
5974
5982
5986
5991
5994
6011
6012
6013
6015
6016
6027
6028
6036
6042
6043
6057
6059
6061
6064
6073
6074
6076
6082
6086
6087
6101
6102
6103
6106
6108
6117
6118
6125
6126
6131
6143
6153
6154
6155
6157
6161
6162
6168
6172
6176
6186
6191
6198
6206
6213
6218
6232
6238
6241
6243
6244
6245
6247
6257
6266
6269
6285
6292
6297
6304
6351
6352
6363
6365
6368
6371
6377
6378
6383
6387
6392
6397
6401
6403
6406
6412
6425
6427
6430
6437
6438
6441
6446
6465
6470
6471
6476
6480
6483
6505
6514
6520
6521
6525
6530
6532
6539
6544
6547
6550
6561
6562
6568
6578
6583
6586
6587
6593
6600
6608
6610
6615
6621
6626
6630
6631
6638
6639
6640
6650
6654
6664
6685
6697
6709
6731
6732
6734
6743
6745
6746
6753
6756
6763
6764
6766
6779
6781
6785
6787
6788
6793
6809
6816
6823
6825
6831
6834
6847
6849
6853
6858
6864
6865
6870
6891
6899
6902
6908
6931
6933
6935
6938
6941
6942
6944
6945
6946
6947
6948
6952
6959
6962
6967
6971
6975
6987
6993
7008
7009
7011
7014
7015
7016
7019
7031
7050
7056
7058
7062
7067
7072
7078
7079
7085
7087
7101
7102
7103
7106
7107
7109
7112
7121
7125
7127
7131
7137
7140
7144
7145
7149
7158
7164
7169
7173
7179
7180
7185
7199
7206
7217
7218
7220
7223
7225
7227
7238
7247
7255
7258
7264
7267
7269
7280
7285
7286
7289
7295
7297
7298
7300
7301
7308
7310
7312
7316
7325
7333
7341
7343
7344
7345
7370
7376
7379
7386
7388
7389
7390
7406
7420
7424
7425
7427
7432
7450
7451
7467
7488
7493
7497
7503
7509
7518
7521
7525
7527
7528
7533
7534
7543
7550
7554
7565
7568
7575
7576
7578
7581
7586
7588
7590
7596
7601
7606
7607
7611
7620
7627
7632
7641
7643
7644
7646
7659
7666
7668
7669
7672
7677
7689
7690
7691
7692
7694
7695
7696
7711
7713
7714
7720
7722
7727
7745
7756
7760
7766
7767
7775
7776
7793
7798
7799
7801
7810
7819
7835
7837
7841
7844
7845
7847
7851
7858
7859
7864
7870
7874
7877
7879
7882
7883
7886
7887
7896
7901
7908
7909
7925
7928
7932
7950
7955
7962
7972
7973
7977
7982
7983
7988
7989
7990
8002
8006
8008
8013
8014
8043
8050
8058
8063
8065
8079
8091
8093
8097
8099
8103
8114
8122
8125
8128
8137
8142
8144
8145
8148
8150
8151
8154
8160
8171
8177
8178
8179
8180
8183
8184
8188
8192
8194
8203
8212
8217
8219
8225
8228
8229
8231
8235
8237
8239
8244
8248
8250
8251
8255
8266
8267
8275
8283
8284
8285
8289
8297
8298
8300
8304
8307
8321
8322
8324
8340
8372
8382
8383
8388
8390
8391
8406
8409
8413
8414
8416
8423
8425
8429
8435
8437
8440
8443
8445
8446
8452
8461
8464
8471
8477
8478
8480
8483
8485
8486
8488
8490
8492
8500
8506
8508
8510
8527
8531
8532
8535
8538
8539
8547
8551
8552
8553
8557
8573
8587
8591
8595
8598
8607
8608
8610
8617
8623
8625
8633
8643
8648
8684
8686
8688
8703
8710
8717
8736
8743
8750
8753
8755
8761
8766
8767
8783
8792
8800
8810
8811
8826
8827
8833
8838
8842
8843
8855
8863
8871
8872
8873
8874
8882
8883
8888
8889
8893
8895
8896
8899
8902
8907
8914
8919
8928
8933
8934
8943
8949
8950
8955
8956
8970
8976
8978
8979
8980
8983
8986
8994
8997
9003
9010
9018
9023
9031
9032
9039
9045
9046
9065
9066
9068
9071
9072
9084
9095
9096
9099
9100
9111
9122
9127
9140
9141
9142
9154
9161
9163
9164
9167
9168
9169
9179
9186
9188
9190
9193
9200
9214
9215
9226
9227
9242
9243
9249
9264
9272
9275
9277
9282
9294
9296
9298
9302
9305
9308
9312
9313
9316
9331
9334
9337
9339
9349
9350
9351
9354
9358
9365
9368
9369
9371
9374
9381
9384
9389
9402
9407
9417
9424
9426
9427
9429
9433
9434
9435
9438
9439
9440
9448
9457
9464
9465
9473
9475
9476
9481
9484
9485
9488
9496
9503
9507
9519
9528
9532
9535
9545
9555
9556
9561
9565
9569
9570
9571
9588
9592
9601
9617
9618
9626
9634
9652
9653
9656
9661
9663
9672
9675
9680
9687
9688
9694
9696
9701
9709
9713
9715
9717
9719
9723
9737
9738
9744
9745
9762
9764
9768
9782
9784
9788
9790
9798
9799
9806
9812
9814
9819
9821
9827
9838
9840
9843
9848
9858
9859
9860
9870
9889
9890
9900
9910
9911
9918
9929
9932
9940
9944
9949
9953
9954
9961
9968
9979
9984
9999
10002
10003
10010
10016
10022
10023
10024
10030
10032
10038
10042
10049
10059
10065
10069
10072
10074
10076
10084
10085
10093
10096
10104
10113
10114
10123
10133
10136
10137
10141
10152
10153
10154
10158
10163
10165
10170
10173
10184
10185
10226
10232
10234
10237
10241
10246
10249
10267
10269
10270
10279
10284
10288
10295
10307
10309
10310
10315
10328
10333
10344
10345
10356
10358
10364
10365
10368
10372
10387
10389
10390
10391
10393
10396
10397
10398
10400
10406
10407
10410
10411
10412
10414
10415
10427
10429
10430
10446
10447
10458
10460
10462
10480
10483
10492
10506
10515
10516
10520
10540
10547
10549
10550
10551
10569
10574
10582
10589
10593
10595
10596
10599
10602
10603
10607
10608
10611
10615
10618
10621
10623
10631
10632
10634
10639
10653
10657
10664
10668
10673
10679
10681
10684
10685
10690
10696
10700
10704
10706
10720
10722
10729
10736
10742
10762
10764
10766
10768
10775
10783
10785
10788
10790
10801
10804
10805
10813
10819
10821
10823
10827
10833
10843
10848
10849
10855
10861
10862
10864
10870
10872
10873
10878
10905
10907
10912
10915
10925
10929
10933
10938
10941
10944
10951
10953
10954
10961
10962
10967
10969
10970
10974
10976
10977
10998
11000
11010
11018
11019
11020
11028
11030
11036
11046
11048
11052
11053
11054
11060
11061
11067
11070
11073
11078
11087
11089
11091
11092
11093
11099
11100
11105
11113
11114
11125
11128
11129
11130
11135
11143
11148
11153
11159
11162
11171
11173
11174
11181
11183
11193
11209
11222
11247
11254
11264
11267
11271
11280
11287
11289
11295
11297
11299
11300
11302
11315
11320
11327
11333
11334
11340
11341
11343
11344
11345
11351
11353
11365
11369
11372
11401
11403
11404
11405
11411
11415
11423
11428
11438
11442
11452
11453
11477
11492
11495
11498
11504
11510
11511
11516
11517
11518
11526
11527
11533
11541
11544
11545
11547
11550
11553
11556
11562
11564
11566
11570
11579
11582
11593
11596
11608
11610
11613
11619
11624
11626
11627
11630
11643
11659
11661
11666
11672
11673
11676
11678
11683
11684
11688
11698
11702
11719
11721
11724
11733
11747
11759
11760
11776
11781
11791
11811
11813
11820
11823
11824
11826
11828
11829
11841
11842
11852
11864
11866
11874
11875
11889
11890
11892
11895
11900
11903
11917
11918
11927
11943
11946
11952
11954
11955
11962
11971
11975
11984
11987
11995
12001
12005
12006
12007
12021
12025
12026
12028
12029
12030
12031
12032
12037
12040
12042
12043
12046
12056
12063
12067
12071
12075
12077
12091
12101
12102
12104
12110
12115
12118
12120
12133
12135
12143
12147
12156
12158
12165
12171
12174
12175
12176
12178
12179
12181
12184
12187
12204
12207
12209
12214
12232
12233
12235
12244
12246
12268
12271
12276
12277
12280
12286
12288
12292
12294
12301
12302
12306
12311
12313
12318
12323
12329
12335
12344
12349
12356
12358
12361
12364
12365
12367
12377
12382
12394
12401
12402
12404
12411
12415
12416
12417
12419
12421
12433
12435
12436
12438
12443
12448
12456
12460
12465
12468
12469
12473
12489
12497
12499
12504
12506
12512
12515
12516
12517
12518
12522
12528
12529
12530
12539
12544
12547
12551
12552
12554
12556
12557
12559
12565
12572
12575
12584
12586
12587
12589
12593
12594
12596
12607
12609
12610
12629
12638
12644
12652
12657
12659
12661
12667
12671
12680
12687
12692
12693
12699
12704
12710
12712
12715
12719
12732
12734
12738
12752
12754
12762
12772
12775
12777
12779
12783
12792
12794
12801
12803
12806
12809
12816
12818
12828
12836
12844
12845
12852
12856
12871
12873
12878
12885
12886
12898
12906
12908
12923
12925
12928
12931
12952
12953
12955
12958
12963
12965
12966
12967
12969
12977
12985
12994
12997
13000
13019
13029
13032
13035
13039
13045
13046
13050
13051
13054
13055
13060
13061
13063
13072
13074
13081
13083
13089
13097
13102
13106
13107
13110
13111
13115
13117
13120
13127
13128
13129
13135
13138
13144
13145
13153
13154
13156
13162
13167
13170
13174
13179
13182
13188
13194
13198
13199
13201
13205
13213
13219
13224
13226
13228
13235
13236
13238
13240
13241
13244
13254
13255
13256
13258
13264
13270
13274
13284
13288
13289
13298
13301
13303
13305
13311
13312
13318
13326
13327
13333
13337
13340
13342
13345
13349
13352
13354
13356
13365
13368
13374
13382
13394
13416
13422
13427
13430
13431
13440
13453
13465
13472
13474
13477
13483
13485
13486
13489
13495
13496
13497
13498
13503
13506
13511
13519
13521
13546
13569
13572
13573
13578
13584
13586
13590
13616
13623
13635
13641
13646
13655
13656
13657
13665
13666
13678
13682
13685
13688
13696
13701
13710
13715
13721
13723
13725
13730
13737
13739
13760
13764
13766
13767
13769
13772
13773
13786
13790
13795
13797
13802
13806
13808
13812
13821
13831
13842
13856
13861
13862
13864
13866
13867
13868
13869
13872
13875
13876
13889
13893
13895
13896
13899
13903
13904
13910
13913
13925
13928
13929
13935
13937
13938
13959
13961
13962
13967
13985
13988
13990
14003
14004
14005
14008
14012
14038
14049
14051
14055
14062
14063
14067
14074
14076
14077
14080
14084
14085
14087
14094
14095
14097
14100
14108
14113
14114
14115
14117
14118
14121
14124
14133
14143
14146
14148
14162
14169
14174
14177
14178
14185
14198
14202
14206
14207
14216
14218
14219
14226
14228
14236
14237
14243
14245
14249
14253
14260
14262
14264
14270
14276
14282
14283
14284
14286
14287
14291
14305
14306
14311
14312
14318
14320
14321
14325
14339
14342
14348
14349
14351
14362
14367
14370
14378
14386
14393
14394
14397
14398
14404
14408
14410
14413
14416
14425
14427
14428
14429
14435
14439
14440
14442
14446
14449
14450
14451
14453
14459
14466
14483
14489
14496
14499
14500
14503
14507
14517
14520
14524
14526
14528
14529
14534
14535
14537
14539
14540
14547
14565
14567
14570
14575
14578
14582
14588
14589
14595
14598
14603
14606
14610
14614
14615
14616
14617
14622
14623
14631
14634
14641
14643
14648
14652
14656
14659
14670
14673
14679
14680
14697
14700
14704
14707
14724
14725
14730
14732
14733
14735
14741
14744
14748
14753
14754
14755
14790
14791
14799
14804
14811
14813
14819
14821
14845
14848
14851
14853
14855
14858
14864
14866
14872
14875
14877
14879
14881
14887
14890
14893
14897
14906
14911
14913
14921
14923
14925
14935
14940
14952
14962
14966
14971
14973
14980
14983
14985
14991
14992
14995
15005
15010
15012
15014
15022
15029
15031
15036
15052
15057
15061
15064
15067
15070
15090
15114
15121
15126
15130
15139
15141
15148
15152
15161
15165
15166
15173
15190
15192
15198
15201
15210
15211
15216
15219
15220
15221
15230
15231
15233
15239
15241
15247
15248
15254
15257
15270
15273
15275
15278
15281
15282
15286
15295
15303
15305
15309
15311
15313
15315
15320
15321
15323
15325
15330
15331
15332
15337
15338
15341
15360
15367
15371
15378
15397
15405
15413
15416
15417
15420
15426
15430
15443
15444
15450
15453
15454
15458
15465
15468
15479
15483
15493
15495
15500
15504
15513
15515
15533
15539
15544
15545
15553
15556
15568
15575
15576
15578
15590
15593
15617
15623
15624
15632
15656
15660
15662
15666
15669
15671
15672
15675
15683
15685
15692
15693
15699
15702
15703
15704
15711
15722
15725
15728
15741
15743
15745
15747
15750
15756
15757
15759
15762
15768
15785
15787
15788
15792
15801
15804
15810
15812
15814
15818
15820
15822
15834
15835
15842
15849
15853
15860
15863
15867
15868
15869
15885
15897
15905
15915
15922
15923
15932
15943
15951
15963
15968
15974
15977
15980
15987
15991
15993
16002
16005
16006
16009
16014
16015
16018
16020
16031
16038
16046
16055
16058
16059
16073
16085
16088
16091
16094
16099
16101
16104
16108
16111
16112
16122
16123
16131
16142
16153
16159
16164
16167
16176
16186
16190
16206
16218
16219
16220
16224
16227
16234
16242
16243
16245
16258
16266
16267
16272
16274
16276
16286
16293
16301
16303
16305
16307
16309
16311
16318
16328
16329
16335
16336
16347
16356
16357
16362
16365
16373
16381
16385
16392
16406
16411
16416
16423
16428
16429
16443
16445
16450
16456
16471
16473
16474
16475
16478
16493
16495
16499
16506
16520
16525
16526
16530
16537
16540
16541
16542
16549
16550
16555
16563
16564
16576
16579
16580
16581
16587
16595
16596
16602
16609
16622
16635
16648
16649
16650
16657
16659
16663
16673
16674
16676
16683
16687
16688
16691
16692
16707
16708
16710
16711
16712
16732
16738
16742
16746
16748
16756
16762
16764
16774
16775
16778
16790
16792
16807
16808
16812
16815
16819
16834
16851
16852
16853
16865
16868
16883
16886
16889
16893
16895
16896
16899
16903
16912
16917
16932
16934
16944
16948
16953
16962
16975
16978
16979
16980
16982
16988
16998
17005
17010
17044
17051
17055
17089
17090
17112
17113
17116
17124
17128
17129
17140
17143
17147
17164
17165
17169
17174
17176
17178
17179
17181
17182
17189
17191
17195
17197
17200
17204
17215
17223
17226
17234
17235
17236
17253
17259
17268
17275
17277
17283
17284
17286
17291
17300
17302
17306
17318
17319
17321
17323
17326
17331
17341
17351
17358
17362
17364
17366
17368
17385
17389
17399
17443
17448
17451
17453
17461
17466
17471
17475
17488
17490
17492
17501
17508
17511
17516
17517
17525
17528
17531
17544
17548
17549
17560
17563
17568
17586
17587
17592
17597
17602
17603
17604
17607
17608
17609
17611
17615
17626
17634
17638
17642
17660
17662
17666
17668
17670
17677
17685
17686
17687
17692
17704
17716
17717
17721
17723
17729
17748
17751
17753
17758
17759
17765
17774
17777
17780
17781
17782
17792
17793
17794
17803
17804
17807
17811
17812
17813
17814
17816
17820
17829
17845
17847
17850
17866
17868
17871
17875
17880
17888
17892
17899
17911
17914
17915
17928
17931
17936
17941
17946
17948
17949
17952
17953
17963
17966
17968
17971
17974
17975
17983
17989
17991
18000
18002
18003
18006
18007
18010
18012
18017
18018
18025
18029
18035
18044
18047
18051
18052
18063
18067
18070
18071
18079
18082
18084
18086
18088
18092
18096
18099
18108
18112
18116
18123
18131
18144
18147
18152
18166
18174
18175
18186
18195
18199
18208
18209
18210
18214
18217
18228
18233
18236
18240
18246
18247
18250
18270
18273
18285
18289
18296
18301
18303
18339
18347
18350
18356
18366
18370
18374
18384
18387
18391
18392
18395
18410
18421
18422
18430
18438
18439
18457
18462
18463
18465
18470
18471
18475
18478
18485
18497
18516
18521
18529
18530
18558
18562
18567
18571
18574
18583
18596
18600
18609
18616
18618
18619
18620
18625
18633
18634
18635
18642
18646
18648
18661
18662
18664
18667
18670
18681
18684
18688
18689
18690
18703
18704
18706
18713
18715
18716
18730
18732
18757
18758
18760
18764
18766
18777
18779
18781
18783
18790
18791
18792
18794
18797
18800
18810
18828
18830
18835
18847
18849
18850
18854
18867
18868
18879
18882
18890
18897
18904
18905
18906
18914
18922
18934
18935
18937
18942
18946
18948
18952
18965
18968
18975
18979
18982
18983
18990
18995
19000
19008
19009
19018
19020
19025
19030
19036
19046
19050
19059
19060
19079
19080
19086
19088
19103
19105
19107
19109
19113
19119
19123
19131
19133
19139
19142
19147
19149
19168
19182
19197
19200
19204
19215
19218
19222
19223
19235
19236
19239
19247
19252
19259
19260
19261
19262
19282
19291
19299
19311
19314
19316
19319
19322
19324
19335
19336
19342
19345
19350
19358
19370
19382
19386
19387
19392
19397
19402
19405
19408
19410
19414
19429
19432
19437
19443
19449
19454
19456
19470
19474
19476
19478
19486
19496
19497
19499
19500
19506
19508
19513
19514
19523
19528
19530
19531
19533
19535
19537
19551
19560
19568
19572
19577
19581
19583
19589
19592
19594
19604
19605
19622
19624
19630
19637
19644
19647
19663
19672
19682
19683
19686
19691
19698
19714
19719
19725
19728
19731
19742
19743
19745
19746
19748
19752
19770
19784
19786
19792
19795
19800
19827
19841
19846
19853
19857
19864
19865
19868
19876
19880
19884
19886
19888
19893
19897
19899
19902
19910
19914
19922
19923
19927
19930
19931
19946
19952
19953
19965
19967
19968
19970
19971
19972
19975
19982
19986
19989
19991
19997
