1 270 1
1 1184 1
1 1727 1
1 1724 1
1 1902 1
1 1899 1
1 2039 1
1 93 0
1 136 0
1 98 0
1 141 0
1 184 0
1 138 1
2 55 2
2 55 1
2 39 4
2 159 4
2 159 1
2 231 5
2 231 2
2 415 3
2 415 0
2 95 4
2 95 1
2 39 1
2 151 4
2 151 1
2 119 4
2 119 1
2 111 4
2 111 1
2 39 3
0 21212 2
0 21140 4
0 21140 2
0 21475 4
0 21475 3
0 21331 4
0 21258 4
0 21258 1
0 21212 1
0 21146 2
0 21146 1
0 21218 2
0 21218 1
0 21212 4
0 21140 1
0 16231 3
0 16231 0
0 16226 0
0 12565 2
0 12565 1
0 14807 2
0 14807 1
0 14806 4
0 14806 1
0 14804 4
0 1718 2
0 1718 1
0 1717 4
0 1717 1
0 1715 4
0 1715 1
0 1713 4
0 1713 1
0 1711 4
0 1711 1
0 1710 4
0 1710 1
0 1708 4
0 31330 2
0 31330 1
0 31329 4
0 31329 1
0 31327 4
0 20071 2
0 20071 1
0 20070 4
0 20070 1
0 20068 4
0 14210 3
0 14219 5
0 14219 2
0 14218 5
0 14218 0
0 14210 0
0 30677 1
0 30676 4
0 30677 2
0 12559 4
0 12559 1
0 12559 2
0 14915 4
0 14915 1
0 14509 2
0 14509 1
0 14441 4
0 14441 1
0 14440 4
0 14440 1
0 14591 4
0 14591 1
0 29048 5
0 29048 0
0 14660 4
0 14660 1
0 20587 1
0 20587 4
0 16567 1
0 16561 1
0 15798 1
0 30895 4
0 30895 1
0 30889 4
0 30889 1
0 30827 2
0 30827 1
0 30821 4
0 30821 1
0 16567 4
0 16567 2
0 16561 4
0 16561 2
0 15804 2
0 15804 1
0 15798 4
0 15798 2
0 16829 1
0 16829 4
0 16829 2
0 16170 1
0 16101 1
0 16176 2
0 16176 1
0 16170 4
0 16170 2
0 16107 2
0 16107 1
0 16101 4
0 16101 2
0 16835 2
0 16835 1
0 30430 5
0 30430 2
0 30414 0
0 30412 5
0 30412 0
0 30411 5
0 30411 0
0 30410 5
0 30410 0
0 30408 5
0 30408 0
0 30406 5
0 30406 0
0 30404 5
0 30404 0
0 30403 5
0 30403 0
0 30401 5
0 30401 0
0 30400 5
0 30400 0
0 30399 5
0 30399 0
0 30398 5
0 30398 0
0 30396 5
0 30396 0
0 30394 5
0 30394 0
0 30393 5
0 30393 0
0 30392 5
0 30392 0
0 30389 5
0 30389 0
0 30388 5
0 30388 0
0 30386 5
0 30386 0
0 30385 5
0 30385 2
0 30382 0
0 30381 5
0 30381 0
0 30380 5
0 30380 0
0 30379 5
0 30379 2
0 30378 5
0 30378 2
0 30377 5
0 30377 0
0 30376 5
0 30376 2
0 30375 5
0 30375 2
0 30374 5
0 30374 2
0 30373 5
0 30373 2
0 30372 5
0 30372 2
0 30371 5
0 30371 2
0 30370 5
0 30370 0
0 30369 5
0 30369 2
0 30368 5
0 30368 2
0 30364 5
0 30364 2
0 30363 5
0 30363 0
0 30361 2
0 30361 1
0 30325 2
0 31108 2
0 30965 2
0 30758 2
0 29836 2
0 28997 2
0 31108 1
0 31106 4
0 30965 1
0 30964 4
0 30758 1
0 30756 4
0 30725 4
0 29836 1
0 29835 4
0 28997 1
0 28996 4
0 30325 1
0 30324 4
0 30429 5
0 30429 2
0 30365 5
0 30365 2
0 30959 2
0 30751 2
0 29831 2
0 28992 2
0 29883 2
0 30960 2
0 30929 2
0 30754 2
0 29833 2
0 28993 2
0 31102 2
0 31101 4
0 30959 1
0 30958 4
0 30751 1
0 30750 4
0 29831 1
0 29829 4
0 29798 4
0 28992 1
0 28991 4
0 1708 1
0 1707 4
0 1707 1
0 1706 4
0 1706 1
0 1705 4
0 1705 1
0 1703 4
0 1703 1
0 1701 4
0 1701 1
0 1700 4
0 1700 1
0 1699 4
0 1699 1
0 1696 4
0 1696 3
0 1687 4
0 1687 3
0 1612 0
0 31327 1
0 31325 4
0 20068 1
0 20066 4
0 1612 5
0 1612 2
0 14804 1
0 14802 4
0 31102 1
0 31103 2
0 31015 2
0 31106 1
0 29951 5
0 31105 4
0 30964 1
0 30962 4
0 30756 1
0 30755 4
0 30725 1
0 29835 1
0 29834 4
0 28996 1
0 28994 4
0 30324 1
0 30321 4
0 29951 2
0 16597 1
0 16587 1
0 16586 1
0 16583 1
0 16577 1
0 16575 1
0 16565 1
0 16560 1
0 16557 1
0 15834 1
0 15824 1
0 15823 1
0 15820 1
0 15814 1
0 15812 1
0 15802 1
0 15797 1
0 15794 1
0 30925 4
0 30925 1
0 30915 4
0 30915 1
0 30914 4
0 30914 1
0 30911 4
0 30911 1
0 30905 4
0 30905 1
0 30903 4
0 30903 1
0 30893 4
0 30893 1
0 30888 4
0 30888 1
0 30885 4
0 30885 1
0 30858 4
0 30857 4
0 30857 1
0 30847 4
0 30847 1
0 30846 4
0 30846 1
0 30843 4
0 30843 1
0 30837 4
0 30837 1
0 30835 4
0 30835 1
0 30825 4
0 30825 1
0 30820 4
0 30820 1
0 30817 4
0 30817 1
0 30792 4
0 16597 4
0 16597 2
0 16587 4
0 16587 2
0 16586 4
0 16586 2
0 16583 4
0 16583 2
0 16577 4
0 16577 2
0 16575 4
0 16575 2
0 16565 4
0 16565 2
0 16560 4
0 16560 2
0 16557 4
0 16557 2
0 15835 4
0 15834 4
0 15834 2
0 15824 4
0 15824 2
0 15823 4
0 15823 2
0 15820 4
0 15820 2
0 15814 4
0 15814 2
0 15812 4
0 15812 2
0 15802 4
0 15802 2
0 15797 4
0 15797 2
0 15794 4
0 15794 2
0 15770 4
0 31101 1
0 29883 5
0 31100 4
0 30958 1
0 30955 4
0 30955 3
0 30750 1
0 30748 4
0 30748 3
0 30739 4
0 30739 3
0 30732 4
0 30732 3
0 29829 1
0 29828 4
0 29828 3
0 29798 1
0 28991 1
0 28989 4
0 28989 3
0 12558 1
0 12573 1
0 12584 1
0 12575 1
0 12558 4
0 12558 2
0 12573 4
0 12573 2
0 12584 4
0 12584 2
0 12575 2
0 12575 4
0 16865 1
0 16855 1
0 16854 1
0 16851 1
0 16845 1
0 16843 1
0 16833 1
0 16828 1
0 16825 1
0 12581 1
0 12585 1
0 12595 1
0 12555 1
0 12563 1
0 16866 4
0 16865 4
0 16865 2
0 16855 4
0 16855 2
0 16854 4
0 16854 2
0 16851 4
0 16851 2
0 16845 4
0 16845 2
0 16843 4
0 16843 2
0 16833 4
0 16833 2
0 16828 4
0 16828 2
0 16825 4
0 16825 2
0 16812 4
0 16800 4
0 12596 4
0 12581 2
0 12585 4
0 12585 2
0 12581 4
0 12595 4
0 12595 2
0 12555 2
0 12555 4
0 12563 2
0 12544 4
0 12563 4
0 12544 1
0 15290 5
0 15290 0
0 16812 1
0 31014 0
0 31014 3
0 31102 4
0 30960 1
0 30959 4
0 30929 1
0 30754 1
0 30751 4
0 29833 1
0 29831 4
0 28993 1
0 28992 4
0 30858 3
0 30792 3
0 12544 2
0 31103 1
0 31325 1
0 31323 4
0 31323 3
0 20066 1
0 20064 4
0 20064 3
0 1653 2
0 1659 2
0 1655 2
0 1649 2
0 16812 2
0 1646 2
0 1656 2
0 31105 1
0 1644 2
0 1645 2
0 14802 1
0 14800 4
0 14800 3
0 1657 5
0 1659 5
0 1656 5
0 1653 5
0 1655 5
0 1637 5
0 1638 5
0 1648 5
0 1649 5
0 1639 5
0 1643 5
0 1641 5
0 1645 5
0 1644 5
0 1646 5
0 1651 0
0 1648 0
0 1646 0
0 1645 0
0 1644 0
0 1643 0
0 1641 0
0 1639 0
0 1665 2
0 1660 2
0 1663 2
0 1634 2
0 1625 2
0 1637 2
0 1638 2
0 1657 2
0 1676 2
0 1648 2
0 1639 2
0 1641 2
0 1643 2
0 21249 4
0 21248 4
0 21238 4
0 21237 4
0 21234 4
0 21228 4
0 21226 4
0 21216 4
0 21211 4
0 21208 4
0 21179 4
0 1634 5
0 1625 5
0 1676 1
0 1655 0
0 1653 0
0 1649 0
0 1664 2
0 1638 0
0 1637 0
0 1665 5
0 1664 5
0 1663 5
0 1660 5
0 1664 0
0 1663 0
0 1660 0
0 1659 0
0 1657 0
0 1656 0
0 1666 2
0 1668 2
0 1620 2
0 1676 4
0 1634 0
0 1633 5
0 1633 2
0 1625 0
0 1673 2
0 20612 1
0 20612 4
0 20603 4
0 20803 1
0 20803 4
0 21191 4
0 16206 1
0 16196 1
0 16195 1
0 16192 1
0 16186 1
0 16184 1
0 16174 1
0 16169 1
0 16166 1
0 16137 1
0 16127 1
0 16126 1
0 16123 1
0 16115 1
0 16105 1
0 16097 1
0 16117 1
0 16100 1
0 20609 1
0 20586 1
0 20623 1
0 20613 1
0 16207 4
0 16206 4
0 16206 2
0 16196 4
0 16196 2
0 16195 4
0 16195 2
0 16192 4
0 16192 2
0 16186 4
0 16186 2
0 16184 4
0 16184 2
0 16174 4
0 16174 2
0 16169 4
0 16169 2
0 16166 4
0 16166 2
0 16139 4
0 16138 4
0 16137 4
0 16137 2
0 16127 4
0 16127 2
0 16126 4
0 16126 2
0 16123 4
0 16123 2
0 16117 4
0 16115 4
0 16115 2
0 16105 4
0 16105 2
0 16100 4
0 16097 4
0 16097 2
0 16070 4
0 16117 2
0 16100 2
0 20624 4
0 20554 4
0 20613 4
0 20609 4
0 20623 4
0 20583 4
0 20591 1
0 20591 4
0 20586 4
0 20601 1
0 20603 1
0 20601 4
0 1666 5
0 1667 2
0 31105 2
0 31015 5
0 30321 1
0 1620 5
0 1673 5
0 1671 5
0 1667 5
0 1668 5
0 1671 0
0 1668 0
0 1667 0
0 1666 0
0 1665 0
0 1671 2
0 31103 4
0 30962 1
0 30960 4
0 30929 4
0 30755 1
0 30754 4
0 29834 1
0 29833 4
0 28994 1
0 28993 4
0 16151 1
0 16082 1
0 21234 1
0 21238 1
0 21248 1
0 21208 1
0 20583 1
0 16151 4
0 16151 2
0 16082 4
0 16082 2
0 20566 4
0 21177 4
0 21107 4
0 20566 1
0 31565 1
0 31555 1
0 31551 1
0 31533 1
0 31528 1
0 31525 1
0 31461 1
0 31300 1
0 31290 1
0 31286 1
0 31268 1
0 31263 1
0 31260 1
0 31476 1
0 31565 4
0 31565 2
0 31555 4
0 31555 2
0 31551 4
0 31551 2
0 31543 2
0 31543 1
0 31533 4
0 31533 2
0 31528 4
0 31528 2
0 31525 4
0 31525 2
0 31476 2
0 31461 4
0 31461 2
0 31300 4
0 31300 2
0 31290 4
0 31290 2
0 31286 4
0 31286 2
0 31278 2
0 31278 1
0 31268 4
0 31268 2
0 31263 4
0 31263 2
0 31260 4
0 31260 2
0 1612 3
0 1612 1
0 1620 0
0 1673 0
0 31015 0
0 21216 1
0 21162 1
0 21166 1
0 21162 2
0 21162 4
0 21234 2
0 21166 2
0 21166 4
0 21238 2
0 21211 1
0 21176 1
0 21136 1
0 21176 2
0 21176 4
0 21248 2
0 21136 2
0 21208 2
0 21136 4
0 31101 3
0 31102 5
0 31100 1
0 31100 3
0 16567 5
0 16567 3
0 16561 5
0 16561 3
0 15804 5
0 15798 5
0 15798 3
0 15835 1
0 15770 1
0 29883 0
0 31027 0
0 31026 5
0 31026 0
0 31023 5
0 31023 0
0 31022 5
0 31022 0
0 31020 5
0 31020 2
0 31011 5
0 31011 2
0 31004 5
0 31004 2
0 19850 0
0 19849 5
0 19849 0
0 19846 5
0 19846 0
0 19845 5
0 19845 0
0 19843 5
0 19843 2
0 19839 2
0 21226 1
0 21237 1
0 21228 1
0 16597 5
0 16597 3
0 16587 5
0 16587 3
0 16586 5
0 16586 3
0 16583 5
0 16583 3
0 16577 5
0 16577 3
0 16575 5
0 16575 3
0 16565 5
0 16565 3
0 16560 5
0 16560 3
0 16557 5
0 16557 3
0 15835 3
0 15834 5
0 15834 3
0 15824 5
0 15824 3
0 15823 5
0 15823 3
0 15820 5
0 15820 3
0 15814 5
0 15814 3
0 15812 5
0 15812 3
0 15802 5
0 15802 3
0 15797 5
0 15797 3
0 15794 5
0 15794 3
0 15770 3
0 16536 1
0 16536 4
0 16536 2
0 1671 3
0 1668 3
0 1667 3
0 1666 3
0 1665 3
0 1663 3
0 1664 3
0 1660 3
0 1659 3
0 1657 3
0 1656 3
0 1655 3
0 1653 3
0 1651 3
0 1649 3
0 1666 1
0 1667 1
0 1671 1
0 1648 3
0 1646 3
0 1645 3
0 1664 1
0 1644 3
0 1643 3
0 1641 3
0 1639 3
0 1638 3
0 1637 3
0 1668 1
0 1665 1
0 1676 3
0 1634 3
0 1633 1
0 1625 3
0 1620 1
0 1660 1
0 1663 1
0 1673 1
0 1634 1
0 1625 1
0 1637 1
0 1638 1
0 1657 1
0 1676 5
0 1656 1
0 1648 1
0 1639 1
0 1641 1
0 1643 1
0 1653 1
0 1644 1
0 1659 1
0 1645 1
0 1655 1
0 1646 1
0 1649 1
0 1672 0
0 1662 0
0 1658 0
0 1675 4
0 31325 3
0 20066 3
0 21191 1
0 21119 4
0 21144 1
0 21216 2
0 21144 4
0 21144 2
0 1620 3
0 1673 3
0 1651 5
0 1632 0
0 1675 1
0 16536 5
0 16536 3
0 31327 3
0 20068 3
0 1640 0
0 1627 5
0 1613 4
0 1627 0
0 21139 1
0 21139 2
0 21211 2
0 21139 4
0 1635 0
0 20802 4
0 20624 1
0 20554 1
0 20817 1
0 20817 4
0 20819 1
0 20828 1
0 20828 4
0 20819 4
0 20840 1
0 20770 1
0 20825 1
0 20839 1
0 20840 4
0 20770 4
0 20829 1
0 20825 4
0 20829 4
0 20839 4
0 20799 1
0 20799 4
0 20782 4
0 20807 1
0 20807 4
0 20802 1
0 21154 1
0 21119 1
0 21226 2
0 21154 4
0 21154 2
0 21295 4
0 21256 4
0 20782 1
0 21165 1
0 21165 4
0 21165 2
0 21237 2
0 16866 3
0 16865 5
0 16865 3
0 16855 5
0 16855 3
0 16854 5
0 16854 3
0 16851 5
0 16851 3
0 16845 5
0 16845 3
0 16843 5
0 16843 3
0 16833 5
0 16833 3
0 16828 5
0 16828 3
0 16825 5
0 16825 3
0 16812 3
0 16800 3
0 12596 3
0 12581 5
0 12585 5
0 12585 3
0 12581 3
0 12595 5
0 12595 3
0 12555 5
0 12555 3
0 12563 5
0 12544 3
0 12563 3
0 12558 5
0 12558 3
0 12573 5
0 12573 3
0 12584 5
0 12584 3
0 12575 5
0 12575 3
0 16829 5
0 16829 3
0 12559 5
0 12559 3
0 16231 5
0 16226 5
0 16804 1
0 12536 1
0 16866 1
0 16800 1
0 12596 1
0 16804 2
0 12536 2
0 16804 4
0 12536 4
0 21156 1
0 21228 2
0 21156 4
0 21156 2
0 21119 2
0 21318 4
0 21317 4
0 16812 5
0 12544 5
0 16835 5
0 12565 5
0 16226 3
0 3100 4
0 3100 3
0 21191 2
0 20991 2
0 16804 5
0 12536 5
0 16804 3
0 12536 3
0 20889 1
0 20889 4
0 16207 3
0 16206 5
0 16206 3
0 16196 5
0 16196 3
0 16195 5
0 16195 3
0 16192 5
0 16192 3
0 16186 5
0 16186 3
0 16184 5
0 16184 3
0 16174 5
0 16174 3
0 16169 5
0 16169 3
0 16166 5
0 16166 3
0 16139 3
0 16138 3
0 16137 5
0 16137 3
0 16127 5
0 16127 3
0 16126 5
0 16126 3
0 16123 5
0 16123 3
0 16117 3
0 16115 5
0 16115 3
0 16105 5
0 16105 3
0 16100 3
0 16097 5
0 16097 3
0 16070 3
0 16117 5
0 16100 5
0 16151 5
0 16151 3
0 16082 3
0 16082 5
0 21249 3
0 21248 3
0 21238 3
0 21237 3
0 21234 3
0 21228 3
0 21226 3
0 21216 3
0 21211 3
0 21208 3
0 21179 3
0 21191 3
0 21177 3
0 21107 3
0 21162 5
0 21162 3
0 21234 5
0 21166 5
0 21166 3
0 21238 5
0 21176 5
0 21176 3
0 21248 5
0 21136 5
0 21208 5
0 21136 3
0 20433 1
0 20432 1
0 20431 1
0 20428 1
0 20427 1
0 20426 1
0 20425 1
0 20424 1
0 20423 1
0 20422 1
0 20420 1
0 20419 1
0 20418 1
0 20417 1
0 20416 1
0 20415 1
0 20413 1
0 20411 1
0 20409 1
0 20408 1
0 20406 1
0 20405 1
0 20404 1
0 20400 1
0 20395 1
0 20392 1
0 20363 1
0 16176 5
0 16170 5
0 16170 3
0 16107 5
0 16101 5
0 16101 3
0 21218 5
0 21212 3
0 16143 1
0 16074 1
0 16207 1
0 16139 1
0 16138 1
0 16070 1
0 21183 1
0 21111 1
0 21249 1
0 21179 1
0 21177 1
0 21107 1
0 20774 1
0 20774 4
0 16143 2
0 16074 2
0 21111 2
0 21183 2
0 20558 1
0 16143 4
0 16074 4
0 20558 4
0 21183 4
0 21111 4
0 3226 4
