7 147 0
4 107 0
139 3 0
40 11 0
25 8 0
172 49 1
175 38 0
166 23 1
13 7 1
94 7 1
103 8 0
166 62 0
8 356 5
8 356 2
8 355 5
8 355 2
5 504 5
5 504 2
65 6 4
65 6 3
95 363 5
95 363 2
173 104 5
173 104 2
176 178 5
176 178 2
189 395 5
189 395 2
174 2109 5
174 2109 0
174 2105 5
174 2105 0
174 2104 5
174 2104 0
174 2101 5
174 2101 0
174 2100 5
174 2100 0
174 2099 5
174 2099 0
171 1297 5
171 1297 2
138 1388 4
93 7730 1
93 7727 4
174 63 4
174 63 1
165 1813 2
165 788 5
165 788 0
93 10322 5
93 10322 0
165 10579 2
165 1591 1
165 1589 4
165 10581 2
120 1779 4
120 1779 1
120 76 1
120 43 1
120 314 1
120 243 1
120 208 1
120 175 1
120 1713 4
120 1713 1
120 142 1
120 109 1
120 1084 1
120 1048 1
120 76 2
120 43 2
120 314 2
120 243 2
120 208 2
120 175 2
120 1548 2
120 142 2
120 109 2
120 1084 2
120 1048 2
120 679 1
120 718 4
120 718 1
120 679 4
120 646 4
120 646 1
3 783 4
3 783 1
120 481 4
120 481 1
120 276 4
120 276 1
120 1614 4
120 1251 4
120 1251 1
12 288 2
174 1627 0
174 1622 0
174 1615 0
174 1610 0
174 1625 0
174 1620 0
21 960 5
21 960 0
174 1693 5
174 1693 0
60 56 5
60 56 0
93 7723 2
3 3487 5
3 3487 0
3 3485 5
3 3485 0
0 1648 5
0 1648 0
3 146 5
3 146 0
93 7726 2
3 3490 5
3 3490 0
3 3625 5
3 3625 0
12 288 1
3 3623 5
3 3623 0
3 3628 5
3 3628 0
3 3481 5
3 3481 0
171 968 2
63 1101 4
63 1101 3
93 7726 1
165 1589 1
165 1588 4
165 4526 5
165 4526 0
165 10572 2
144 656 5
144 656 0
9 653 5
9 653 0
6 10582 5
6 10582 0
21 968 5
21 968 0
21 966 5
21 966 0
9 35 4
9 35 1
165 9532 2
165 9567 2
171 917 2
165 10641 2
162 1232 2
165 1588 1
165 1586 4
165 1586 3
138 377 4
138 377 3
165 1588 2
39 39 5
39 39 0
9 53 4
9 53 1
21 963 4
21 963 1
156 1426 4
156 1426 1
207 921 2
165 9540 2
171 616 5
171 616 0
66 24 1
66 24 4
165 9535 2
165 9555 2
141 402 5
141 402 0
120 1068 4
120 1068 1
174 1409 5
174 1409 0
3 401 5
3 401 0
198 189 4
198 189 1
165 5316 2
165 5316 1
165 5226 4
165 5226 1
192 150 4
192 150 1
126 30 4
126 30 1
198 994 4
198 994 1
39 46 5
39 46 0
171 904 5
171 904 0
171 902 5
138 2415 5
138 2415 0
120 609 2
174 1351 5
174 1351 0
207 617 5
207 617 0
171 902 0
174 1350 5
174 1350 0
120 699 5
120 699 0
171 1796 5
171 1796 0
99 228 5
99 228 0
99 153 5
99 153 0
177 0 4
177 0 1
138 2151 0
138 2149 5
138 2149 2
165 4434 4
165 4434 1
207 918 2
207 921 1
120 2012 5
120 2012 0
138 2156 0
138 2151 5
6 10585 5
6 10585 0
138 2159 0
138 2156 5
138 2160 0
138 2159 5
177 22 5
177 22 0
93 7976 4
93 7976 1
6 10965 3
6 10965 0
6 9994 4
6 9994 1
