8024 4
8024 3
8009 4
8009 1
7990 2
7990 1
8666 4
8001 4
8089 1
8017 2
8041 0
8041 5
8095 5
8095 2
8095 0
7980 0
8666 1
8120 1
8117 5
8112 1
8098 5
8120 4
8120 2
8117 2
8117 0
8115 5
8115 2
8113 5
8113 0
8112 4
8112 2
8107 4
8105 4
8067 5
8067 0
8063 5
8063 0
8062 5
8062 0
8061 5
8061 0
8060 5
8060 2
8059 5
8059 0
8055 5
8055 0
8054 5
8054 0
8045 5
8045 0
8044 5
8044 0
8038 4
8038 1
8035 5
8035 0
8031 5
8031 0
8025 3
8025 0
8013 4
8013 3
8008 4
8008 3
8006 5
8006 2
8004 4
8004 1
8003 4
8003 1
8002 3
8002 0
8000 3
8000 0
7999 4
7999 3
7998 3
7998 0
7996 4
7996 3
7995 4
7995 3
7994 4
7994 3
7993 4
7993 3
7989 4
7989 3
7988 4
7988 3
7987 4
7987 3
7986 4
7986 3
7985 4
7985 3
7984 4
7984 3
7982 4
7982 3
7981 3
8668 4
2509 5
2509 0
7980 3
7981 4
8098 2
7983 0
8098 0
8116 5
7983 3
8001 3
8116 2
8001 0
8116 0
7980 4
2398 5
2398 0
2472 5
2472 0
8666 2
8017 5
8017 0
8668 1
1390 2
8668 2
4304 5
4304 0
3505 5
3505 0
2497 2
11312 2
2811 2
8120 5
8120 3
8117 3
8117 1
8115 1
8113 3
8112 5
8112 3
8107 3
8107 1
8105 3
8105 1
8067 3
8063 3
8062 3
8061 3
8060 1
8059 3
8055 3
8054 3
8045 3
8044 3
8038 3
8035 3
8031 3
8025 5
8013 1
8008 1
8006 1
8004 3
8003 3
8002 5
8000 5
7999 1
7998 5
7996 1
7995 1
7994 1
7993 1
7989 1
7988 1
7987 1
7986 1
7985 1
7984 1
7982 1
8668 3
2509 3
7981 1
8098 1
7983 5
8098 3
2398 3
2472 3
8116 1
8001 5
8116 3
7980 1
4490 2
8668 5
8728 0
5151 5
5151 0
2285 0
5141 5
5141 0
1390 5
1390 1
2285 5
8728 5
2285 2
8676 4
2211 0
2323 0
8676 1
8676 2
8728 2
8017 3
2211 5
2323 5
2248 0
4304 3
5125 5
5125 0
2248 5
8659 1
2285 3
3505 3
8041 3
8659 4
8659 2
4274 2
